1.794450292789500963e+04 2.363938074728672800e+05 7.201764620497783653e+03 4.127318478876368143e+06 1.404809568893077767e+03 2.603152370719022656e+03 1.702814274632653451e+03
2.074014504985116946e+04 2.020278485260827874e+05 5.679145355126668619e+03 2.566587677097693086e+06 1.409068911031987454e+03 2.606033390371497262e+03 1.698814585637905566e+03
2.127361950187081675e+04 2.325737641527450469e+05 6.567086409492500024e+03 3.431907687050207984e+06 1.410825074691093278e+03 2.607638007551696774e+03 1.698870199050677002e+03
2.275562644592738434e+04 2.022434147052876069e+05 5.537936414321165103e+03 2.440540763139693998e+06 1.413084747673483434e+03 2.608143480009191080e+03 1.696932603544347330e+03
2.407940834092939258e+04 2.263218436223513563e+05 5.766422520352281026e+03 2.646080535395830870e+06 1.415750848424364904e+03 2.609800127352887557e+03 1.691539566486202375e+03
2.521292896905074304e+04 2.802790285578127368e+05 6.544542872438065388e+03 3.408385979022318963e+06 1.418271452840169331e+03 2.611472899034288275e+03 1.687052644178602350e+03
2.603018672833522214e+04 2.836426921909297234e+05 6.350879085965872946e+03 3.209651091976452153e+06 1.421094275447909467e+03 2.613141518363739578e+03 1.680755605005019106e+03
2.715294888395119051e+04 2.528900794975546305e+05 5.781992137238403302e+03 2.660388914272967260e+06 1.422671018733534765e+03 2.613923537143441081e+03 1.682603327551553321e+03
2.764121232757950929e+04 2.636016905698560877e+05 6.027958375201538729e+03 2.891549460720354691e+06 1.424442143698299560e+03 2.615124046415441171e+03 1.682925569422104672e+03
2.964328129698772318e+04 2.676986438355219434e+05 5.960037200337401373e+03 2.826754400257449131e+06 1.426848449707031250e+03 2.617426515864754947e+03 1.678534338305810252e+03
3.131095953491512410e+04 2.593344911096834694e+05 5.619316871607551548e+03 2.512795704708216712e+06 1.429184767389871922e+03 2.618274597903332051e+03 1.675833965990916795e+03
3.104204686539865725e+04 2.657378480546057108e+05 5.597650536352029121e+03 2.493455945929065347e+06 1.431319005299199489e+03 2.620191400258819158e+03 1.673381681664589678e+03
3.239828039100603928e+04 2.199825326515756897e+05 4.613438454572058617e+03 1.693712132746102521e+06 1.433141650894750228e+03 2.622821677959070712e+03 1.672139673643759124e+03
3.385798622702498687e+04 2.211862321659324516e+05 4.598241740352352281e+03 1.682572299639029196e+06 1.434656854055672511e+03 2.625022453942066477e+03 1.673100146974055406e+03
3.377133894708991284e+04 2.098468230472464347e+05 4.492424131439219309e+03 1.606022549874207005e+06 1.435953143240391455e+03 2.626956281990840580e+03 1.675575369297773022e+03
3.509289351349338540e+04 2.151164582189095381e+05 4.650469664808730158e+03 1.721011481118814554e+06 1.437885428861623723e+03 2.626131830141876890e+03 1.676748429748354056e+03
3.570921503017484793e+04 1.820715679829206492e+05 3.814417858038695613e+03 1.157834990088463295e+06 1.440043155646472314e+03 2.630626461810947148e+03 1.671871605535471645e+03
3.620329366688853770e+04 1.957123642564362672e+05 4.059505594563713657e+03 1.311403759925989667e+06 1.441881334304809570e+03 2.631267745208740052e+03 1.672276020812988236e+03
3.678601194506064348e+04 1.735601918673568289e+05 3.644097834951952336e+03 1.056744977386511629e+06 1.443539209378150190e+03 2.633891997700352931e+03 1.672034387600806440e+03
3.674577841351571988e+04 1.968456354417987168e+05 4.094684790610250730e+03 1.334231183289824054e+06 1.445728700861855259e+03 2.635081095765128794e+03 1.669896744404141828e+03
3.878660159816871601e+04 1.950945762701232743e+05 4.066882425691896515e+03 1.316174189984690631e+06 1.447536600417345198e+03 2.635232742359273288e+03 1.670956367219309868e+03
3.872195657289252995e+04 1.863319783511541027e+05 3.822540685059163934e+03 1.162771474544618744e+06 1.449622064151222503e+03 2.638150007085469042e+03 1.667893351750419015e+03
4.045316601141525462e+04 1.946734397858815501e+05 3.844558100109060888e+03 1.176204923339190660e+06 1.452779663468603076e+03 2.634666145731289362e+03 1.664190249452022954e+03
4.028855770135084458e+04 2.021179573934487998e+05 3.979219971118563990e+03 1.260044929795053322e+06 1.454547616272894629e+03 2.637519615334686478e+03 1.663064968696893857e+03
4.132205124209668429e+04 1.773562699507820944e+05 3.385687768411959041e+03 9.121871395449771080e+05 1.457740193318318234e+03 2.632513380079298258e+03 1.660508789429077524e+03
4.264468901958464266e+04 1.790840165534992120e+05 3.477785650641551001e+03 9.624889638371582842e+05 1.459569724240917367e+03 2.631836293226370799e+03 1.662143061912864368e+03
4.332651006867723481e+04 1.912049933621603996e+05 3.596124116412987405e+03 1.029104508971747244e+06 1.462312856651214133e+03 2.629604949583489997e+03 1.659772774202277787e+03
4.402414098094974179e+04 1.936843036058444413e+05 3.608506773329527277e+03 1.036203811965091038e+06 1.464810905233461199e+03 2.625025758263660464e+03 1.660927475600214620e+03
4.424337420577988814e+04 1.667736168265628803e+05 3.122567883371022617e+03 7.759145807078694925e+05 1.466207107453656590e+03 2.628730582874907668e+03 1.661257847532012647e+03
4.503369795200045337e+04 1.748724786108794506e+05 3.261725229509949713e+03 8.466129003600350115e+05 1.468098457403546490e+03 2.632133318680123011e+03 1.658875366210937500e+03
4.528410293757396721e+04 1.626204978542924800e+05 2.923893157309545131e+03 6.803198359908907441e+05 1.470816266844258507e+03 2.631749118060050023e+03 1.655060925726354526e+03
4.566570825455670274e+04 1.602388774398764072e+05 2.895408279461855273e+03 6.671289079439406050e+05 1.472398498717350776e+03 2.634751474317863995e+03 1.654905674265391781e+03
4.573646027296088869e+04 1.773028703837401117e+05 3.196794566192384991e+03 8.132416122408234514e+05 1.474593461436233838e+03 2.634875833960483760e+03 1.653694488992020297e+03
4.707697183138020773e+04 1.688989459558447998e+05 2.969522362413080373e+03 7.017191623168629594e+05 1.477159355513546416e+03 2.634046706266723959e+03 1.651109507522816330e+03
4.720360909980256838e+04 1.747046379132897127e+05 2.987064346140848556e+03 7.100342399411929073e+05 1.480434184470371974e+03 2.632423943056697681e+03 1.645074186269302800e+03
4.797475043263068801e+04 1.920503902601528098e+05 3.251860000031952040e+03 8.414994101578202099e+05 1.483400818341801823e+03 2.628974126742247790e+03 1.642451485994236009e+03
4.926080728858969815e+04 2.082940232143446337e+05 3.482893765472268569e+03 9.653184164172608871e+05 1.486924142530487870e+03 2.627748414276867152e+03 1.634581983315072421e+03
5.037029854123332916e+04 1.735717743363298650e+05 2.875824892216126500e+03 6.581350387071683072e+05 1.486888416205512158e+03 2.632259191894531341e+03 1.642648402574327292e+03
5.102813626629418286e+04 1.780039580414625234e+05 2.912705097303959064e+03 6.751234102682162775e+05 1.488868199334941664e+03 2.634895375713748308e+03 1.640471824235348777e+03
5.098786191881351988e+04 1.679587089544686314e+05 2.730208295679071398e+03 5.931734441507987212e+05 1.490716975531842309e+03 2.637948724062727706e+03 1.638712520143380971e+03
5.178225878394581378e+04 1.731062076610929216e+05 2.852214547980742282e+03 6.473729032324776053e+05 1.492421675475717393e+03 2.637464438276681449e+03 1.640962342736316714e+03
5.169162516440314357e+04 1.636233560998464236e+05 2.806085564433403761e+03 6.266022574508541729e+05 1.493378152781519475e+03 2.635660781334186595e+03 1.648716969457165987e+03
5.221380204897953809e+04 1.293493372222578182e+05 2.157825682138173306e+03 3.705295520390410093e+05 1.495322156761124916e+03 2.635313819216008596e+03 1.649344876473410068e+03
5.306762618944083079e+04 1.457803827436747961e+05 2.439032293241322805e+03 4.733967117503633490e+05 1.497323433373679563e+03 2.633786885178256853e+03 1.650784906951474568e+03
5.377658489673939039e+04 1.415379782962661993e+05 2.365124528410424318e+03 4.451415771946728346e+05 1.499432469489166124e+03 2.630313869750302274e+03 1.653241814882057042e+03
5.466763173456762888e+04 1.180036932927006856e+05 1.904790237896810368e+03 2.887250393714422826e+05 1.501184271994601431e+03 2.631908814848139173e+03 1.653348307748858815e+03
5.583702152074876358e+04 9.879323684187688923e+04 1.464976610500127663e+03 1.707857053698624368e+05 1.504785971151815829e+03 2.628918286206127959e+03 1.646572305581949195e+03
5.680732298783909209e+04 9.758850619180283684e+04 1.419873993018615238e+03 1.604315373085497704e+05 1.508143937949528663e+03 2.625524172247023671e+03 1.641600890919518861e+03
5.727903563861566363e+04 7.594693007853161544e+04 1.114308484412888220e+03 9.881002530800084060e+04 1.511124066182660044e+03 2.627676807133838338e+03 1.633934586341935074e+03
5.762837761394268455e+04 7.786924721242241503e+04 1.149015509009638436e+03 1.050610936491152243e+05 1.513190208740234311e+03 2.627289808756510411e+03 1.633937744954426989e+03
5.795559195618493686e+04 7.579986349251276988e+04 1.111222059583789132e+03 9.826341300921498623e+04 1.515336921097060440e+03 2.630180011089777508e+03 1.630549141369835752e+03
5.816806547185062664e+04 7.651654402940966247e+04 1.120834052729253472e+03 9.997070851324296382e+04 1.517302783289699619e+03 2.625357024497174280e+03 1.635063494310311398e+03
5.832294304765795823e+04 7.490577570271644800e+04 1.093926183277368636e+03 9.522833053263534384e+04 1.518556877765176978e+03 2.626325484956037144e+03 1.638641847890765121e+03
5.849887680900452688e+04 7.657626219723724353e+04 1.119564227421328951e+03 9.974431741566426354e+04 1.521254230746262465e+03 2.623235870580879237e+03 1.637310510429547094e+03
5.862738559166012419e+04 7.705938819953991333e+04 1.126393231185331842e+03 1.009648489763910766e+05 1.522763221056708062e+03 2.625928976966594746e+03 1.637810123838227355e+03
5.879473447149943968e+04 7.742723075083592266e+04 1.129968287658995678e+03 1.016067701883639675e+05 1.525783322248787726e+03 2.622600223935883605e+03 1.634817809637661639e+03
5.880597089719329961e+04 7.711728936230789986e+04 1.125163351192711616e+03 1.007444874672569276e+05 1.527127315599091162e+03 2.625057682789912633e+03 1.636563280170466669e+03
5.895661084085626499e+04 7.634054477307065099e+04 1.109882240226355862e+03 9.802660011971104541e+04 1.528737665908141707e+03 2.624229747076454260e+03 1.639639701027540241e+03
5.913774010034372623e+04 7.730786814187925484e+04 1.123049494169766376e+03 1.003663034507187986e+05 1.530608970516192358e+03 2.624130649075649671e+03 1.640524212223468339e+03
5.931544435187707131e+04 7.247400936880581139e+04 1.047056658602224843e+03 8.724298208032468392e+04 1.531725275496705308e+03 2.624539920502196310e+03 1.645413745039187233e+03
5.939871150520538504e+04 7.240572275871917373e+04 1.042519028438780424e+03 8.648845064421671850e+04 1.533161063508064444e+03 2.625655289976058612e+03 1.647804987950478790e+03
5.946186182692023431e+04 7.202248521119296493e+04 1.036015070503022116e+03 8.541266681112576043e+04 1.535538514593646823e+03 2.626815332998143731e+03 1.644590101588283915e+03
5.949530340776000958e+04 7.044009265076309384e+04 1.013038765787213151e+03 8.166618449204588251e+04 1.537542184349798390e+03 2.628481259450604739e+03 1.643133083417338639e+03
5.958298563036967244e+04 7.111003378526974120e+04 1.022174589186417620e+03 8.314579625596247206e+04 1.539597086451997711e+03 2.626820525508599076e+03 1.644310591934511422e+03
5.964071675966184557e+04 7.168437082934673526e+04 1.028473422598548723e+03 8.417367380386733566e+04 1.542525451860271460e+03 2.627678296298668101e+03 1.638115901159067562e+03
5.976049184288321703e+04 7.231546903029723035e+04 1.036211421173106373e+03 8.544504553627190762e+04 1.544782511393229242e+03 2.628349433438740107e+03 1.636044413442460382e+03
5.992758902090657648e+04 7.333638383878384775e+04 1.049745839956612372e+03 8.769169415129564004e+04 1.546843817157223612e+03 2.628497423537234226e+03 1.635580328202175224e+03
6.014525047520580119e+04 7.404017650595122541e+04 1.053349371778977002e+03 8.829477763128564402e+04 1.549246119388592206e+03 2.628868650813087697e+03 1.632870535440953063e+03
6.038412863125693548e+04 7.509665597998778685e+04 1.062605785351922123e+03 8.985339440595159249e+04 1.551596721457872491e+03 2.631583279319920621e+03 1.628489915695865648e+03
6.064049868729664740e+04 7.580425398416885582e+04 1.067443993952118035e+03 9.067348999897020985e+04 1.554390026531388230e+03 2.631453688179848996e+03 1.623960808948078011e+03
6.096774097836005967e+04 7.578125753210473340e+04 1.065113902774404096e+03 9.027806521852893638e+04 1.556200554320530955e+03 2.631106775129803736e+03 1.625415692631502225e+03
6.125561204110530525e+04 7.709757238996088563e+04 1.078133067789199458e+03 9.249853816442022799e+04 1.558688588397103103e+03 2.628921627826572148e+03 1.624517956846249035e+03
6.161504421899512090e+04 7.927701588537909265e+04 1.098079122970534172e+03 9.595274541130720172e+04 1.561174850172297965e+03 2.630904824032145825e+03 1.619931094029906490e+03
6.193033994269232062e+04 7.858057382224401226e+04 1.093350870970929918e+03 9.512819283611839637e+04 1.563392094464708180e+03 2.625325957000443395e+03 1.623625075475650647e+03
6.223248411715747352e+04 8.371674894870679418e+04 1.143745921714530596e+03 1.040996460779086337e+05 1.566183173618433557e+03 2.629557336350891546e+03 1.615237145546755073e+03
6.236201621378144046e+04 8.002818848345959850e+04 1.116268959096464414e+03 9.915801684366025438e+04 1.565775312340777873e+03 2.624834404544553763e+03 1.633687873729761122e+03
6.255269776260705839e+04 7.724583238896106195e+04 1.076561728148132033e+03 9.222910815545728838e+04 1.567240159898888805e+03 2.628085138093693786e+03 1.634014432941533187e+03
6.276263810242560430e+04 8.028256744760870060e+04 1.110294200976652064e+03 9.809938370859096176e+04 1.569349090127383988e+03 2.626823192820829718e+03 1.634513942942899803e+03
6.300663831521394604e+04 7.974212001121314825e+04 1.100215410106224226e+03 9.632645620462912484e+04 1.570976625055604927e+03 2.626992861710409215e+03 1.636619604579070256e+03
6.313276526809446659e+04 8.046448853659955785e+04 1.107462444107440433e+03 9.759962544053696911e+04 1.572983349089926833e+03 2.627301534449800329e+03 1.636284109994874825e+03
6.327352168387905840e+04 8.027210635266396275e+04 1.104487856284565169e+03 9.707603429156725178e+04 1.574778577684522588e+03 2.625899824662642004e+03 1.638835605434604531e+03
6.340234625179814611e+04 7.876656727645074716e+04 1.086092277360746948e+03 9.386930173735033895e+04 1.576926534733302105e+03 2.626803857078014971e+03 1.637186367840834009e+03
6.360291459289806517e+04 8.651488255469372962e+04 1.176972453320932345e+03 1.102358189478670247e+05 1.579914397676112230e+03 2.620514405952065772e+03 1.636979670120497985e+03
6.375827989086222078e+04 8.262437348921623197e+04 1.131276242858594742e+03 1.018421290387448389e+05 1.581524299465880176e+03 2.621757058487457471e+03 1.638222390518707471e+03
6.384874858150410728e+04 8.304089107238549332e+04 1.130017132138868874e+03 1.016155545713603642e+05 1.583882907084281896e+03 2.622155028488462449e+03 1.635782931498344396e+03
6.404141993843475211e+04 8.260700517251848942e+04 1.126104003108808911e+03 1.009130054121320427e+05 1.585296235758463581e+03 2.624288411458333485e+03 1.637396228434244904e+03
6.417572235422542872e+04 8.268308056260869489e+04 1.127622267246715410e+03 1.011852997664803552e+05 1.587456679751119736e+03 2.624118188715136512e+03 1.636641454839550988e+03
6.429460202259436483e+04 8.169062736659702205e+04 1.112880542020873918e+03 9.855694526417020825e+04 1.589343681434532300e+03 2.625388744800121913e+03 1.636230648288479188e+03
6.443434921770649089e+04 7.952380231621356506e+04 1.085086185615502245e+03 9.369547233217924077e+04 1.591584485832093151e+03 2.623772582620287722e+03 1.636261433531745979e+03
6.456176706851291237e+04 7.962235672248192714e+04 1.085567138005940251e+03 9.377854969292612805e+04 1.593282270846682877e+03 2.623508762877070239e+03 1.638339813328691889e+03
6.469705504169553751e+04 8.053232415845901414e+04 1.097628843877975214e+03 9.587406864605982264e+04 1.595169026164265460e+03 2.624620698210480896e+03 1.638053698651202239e+03
6.482675717014463589e+04 7.996640251710473967e+04 1.086167250741587623e+03 9.388226185494380479e+04 1.596595241001674140e+03 2.626334804748155875e+03 1.639973125955332989e+03
6.492830752460142685e+04 8.026165346388374746e+04 1.087263749275234886e+03 9.407190801274364640e+04 1.598684439886184009e+03 2.623701953706286986e+03 1.641742111932663647e+03
6.498308365328865330e+04 8.117860589803184848e+04 1.098653513275384967e+03 9.605315482682824950e+04 1.600298261762739230e+03 2.623626849750140991e+03 1.644207178980738490e+03
6.508150311824278469e+04 8.082598341686937783e+04 1.093239004254651263e+03 9.510872765904411790e+04 1.602109369898554178e+03 2.622017274224580433e+03 1.646776126690764841e+03
6.516151733405079722e+04 8.297222641455661505e+04 1.121323947616136365e+03 1.000581181379995105e+05 1.603851785988245865e+03 2.628201911672724691e+03 1.642868712825717466e+03
6.539238049396693532e+04 8.367183889986117720e+04 1.127880331805140713e+03 1.012316190499166114e+05 1.606506054913556227e+03 2.622642195336612531e+03 1.643960280806930086e+03
