7.233360630238598787e+02 2.506812347826652058e+03 2.477499668931618260e+02 4.884468871658603348e+03 1.351085256296438047e+03 3.031196161016717724e+03 1.446128400042340445e+03
6.596075138692214068e+02 1.937012234839973644e+03 2.069875361176073909e+02 3.409404467116512023e+03 1.340686157226562500e+03 3.023422865001433365e+03 1.447512403015696691e+03
6.540734387284331888e+02 1.517215656932659385e+03 1.982115224697925839e+02 3.126424394558300719e+03 1.335156851138708817e+03 3.020005553047612011e+03 1.448297755979142039e+03
5.150876312529564984e+02 1.833843022804319617e+03 2.583349372161807764e+02 5.310756926922876119e+03 1.330529762268066406e+03 3.015302925109863281e+03 1.446757481892903570e+03
8.311165446929726386e+02 3.146232726263356199e+03 3.405630191344145601e+02 9.229647410638795918e+03 1.324624763997395803e+03 3.012420861235118991e+03 1.450716042364211262e+03
1.072668212507522185e+03 4.026950539217305050e+03 3.947237485892918016e+02 1.239871419376627273e+04 1.318764705033735709e+03 3.009474318625710112e+03 1.454420774147727343e+03
1.284857315614331355e+03 4.385911317603716270e+03 4.275780807645969617e+02 1.454859328607023781e+04 1.313408602327913741e+03 3.005810977970157637e+03 1.455490889815596802e+03
1.477549125685340186e+03 5.808658678600851090e+03 5.965717041955047080e+02 2.832144691324448650e+04 1.308141043679755967e+03 3.002020786218475678e+03 1.456853341085869033e+03
1.567486274507777125e+03 5.780565863442214322e+03 6.029418381510772633e+02 2.892950330285469317e+04 1.303095210522677007e+03 2.997914654487002281e+03 1.457554995376451870e+03
1.887829665940710129e+03 4.837679010616165215e+03 4.758767432888978419e+02 1.802100875048844682e+04 1.298280603241502149e+03 2.993479537160772907e+03 1.458674464175575622e+03
1.918322484310716163e+03 4.864132476227533516e+03 4.260626692479485200e+02 1.444565051417942050e+04 1.293112910755893608e+03 2.989546707956414593e+03 1.460198921069764310e+03
2.083842955980262559e+03 5.382209631889291813e+03 4.655062088196199852e+02 1.724412219722410009e+04 1.288677568708147419e+03 2.984570231846400475e+03 1.460920863560267890e+03
2.258957900865058491e+03 5.817987460511582867e+03 4.731706383323014506e+02 1.781663615140918046e+04 1.283776471819196331e+03 2.980259286063057971e+03 1.461855427333286798e+03
2.373953796136701385e+03 6.337971445617267818e+03 4.715846480113856956e+02 1.769739943734450571e+04 1.279174626443238367e+03 2.976964063796322080e+03 1.463171130695174270e+03
2.362779796434844229e+03 7.072419904396298080e+03 5.389790491909485581e+02 2.311712939095048569e+04 1.276699795009853688e+03 2.973723841761683616e+03 1.463664761929898759e+03
2.365469374633967618e+03 6.856132390360490717e+03 5.145775076855851466e+02 2.107131959910061778e+04 1.273793957519531205e+03 2.971429521040482996e+03 1.464735172895951791e+03
2.319155322340488055e+03 6.578999696875981499e+03 5.019946717603245361e+02 2.005341543785168324e+04 1.272366968225549726e+03 2.968066374602141423e+03 1.465216128879123289e+03
2.274193813583287465e+03 7.148538703257647285e+03 5.519566197283659221e+02 2.424376292975504111e+04 1.269366761363636442e+03 2.965592387251420405e+03 1.466131545188210339e+03
2.300978574779552673e+03 6.722420230515816002e+03 4.924988866711410083e+02 1.930192581580824117e+04 1.265470934186663044e+03 2.962029573713030004e+03 1.467454275948660779e+03
2.313123702591397432e+03 7.227817437929391417e+03 4.848908080089254327e+02 1.871018314730315615e+04 1.259638686607623868e+03 2.957472220585264040e+03 1.469104031266837183e+03
2.429739925162458348e+03 6.811996980323327080e+03 4.721955451559841777e+02 1.774328003746589093e+04 1.257168301286368433e+03 2.951461655189250905e+03 1.469985256852774683e+03
2.356554083013177660e+03 6.389112941001068975e+03 4.402470053307723106e+02 1.542350067896647488e+04 1.252361669489767792e+03 2.946433092505531022e+03 1.471221221653760949e+03
2.345086466767742877e+03 6.929860226709689414e+03 4.723462816368448216e+02 1.775461003204950975e+04 1.247983814975671521e+03 2.941246873286732352e+03 1.472542844538103054e+03
2.134866818215336480e+03 5.524142201487456077e+03 4.012049822648875761e+02 1.280922254594647529e+04 1.245479843407346380e+03 2.935262039987664593e+03 1.473498527660704440e+03
2.067380258323328690e+03 5.914037117549025425e+03 4.447718306166952971e+02 1.574217308886957107e+04 1.241767768923975837e+03 2.929779561531644049e+03 1.474607508042279505e+03
1.953805167082261050e+03 6.067828385024336058e+03 4.679047159646498244e+02 1.742227966536257736e+04 1.237859640502929778e+03 2.924373982747395985e+03 1.475708712768554733e+03
1.870539800968737154e+03 5.106650597072961318e+03 3.908567664780409814e+02 1.215697169770767505e+04 1.235635667883831502e+03 2.918191380774456320e+03 1.476111349354619506e+03
1.925719767162896005e+03 5.348990137214407696e+03 4.232053382303789704e+02 1.425254465295132650e+04 1.233598310278096278e+03 2.912033693646072152e+03 1.477141983452193244e+03
1.708922683522282568e+03 4.279683777862343049e+03 3.486002678115732465e+02 9.670425172678042145e+03 1.231303972190785544e+03 2.905983268381279231e+03 1.478212605413989422e+03
1.661643641955973635e+03 4.492694088044563614e+03 3.869198002951105764e+02 1.191329911035276382e+04 1.228712754991319343e+03 2.900047885470919937e+03 1.479262134693286953e+03
1.577317706137893538e+03 4.318556824862764188e+03 3.822486224868383147e+02 1.162738342494258541e+04 1.226020125777633211e+03 2.894129923502604015e+03 1.480133192274305657e+03
1.491922308693799323e+03 4.067306142456694488e+03 3.547912785373699194e+02 1.001696155470270241e+04 1.223839225486472742e+03 2.888049027054398266e+03 1.481171512179904539e+03
1.456070156508201762e+03 3.817727601871534262e+03 3.381134334936185724e+02 9.097351766643998417e+03 1.221333793357566492e+03 2.882057673701533531e+03 1.481946682400173586e+03
1.430298024962736463e+03 3.868454213216671178e+03 3.462051288371774831e+02 9.537995886911765410e+03 1.218834872958896312e+03 2.876038761173282637e+03 1.482544373108459922e+03
1.356501326977102281e+03 3.833022160289446674e+03 3.435960145428783221e+02 9.394774739084065004e+03 1.216063274928501642e+03 2.870187334333147192e+03 1.483662410191127265e+03
1.300180655745220520e+03 4.102293471519172272e+03 3.925852712939166622e+02 1.226473418353639318e+04 1.213705579034213315e+03 2.864156843514278080e+03 1.484601628796807745e+03
1.231899280223233518e+03 4.490072840286530663e+03 4.604183796160583597e+02 1.686923701311566765e+04 1.211843085892703584e+03 2.858071947570240809e+03 1.486445749265338236e+03
1.177118689888950257e+03 3.295205553010760013e+03 3.341371486617730966e+02 8.884636427024030127e+03 1.209300069912997060e+03 2.852152499112215992e+03 1.487765996759588006e+03
9.945061297471129365e+02 4.329470349280170012e+03 4.492225091879020624e+02 1.605880241431711875e+04 1.206794636387978926e+03 2.845933007024949802e+03 1.486918246361517049e+03
7.046286233045266272e+02 2.123230757980595172e+03 2.388865678773422019e+02 4.541231041443877075e+03 1.205696627371651857e+03 2.840063285900297615e+03 1.492378930664062409e+03
5.125628782902983858e+02 1.538905714215140506e+03 1.930664112205181198e+02 2.966221535673770177e+03 1.204828757195723711e+03 2.833916203227795904e+03 1.496343748715049287e+03
4.200267975687278295e+02 1.389250030435404369e+03 1.777006872283488690e+02 2.512860332588383244e+03 1.202827333984374945e+03 2.827660842285156377e+03 1.496538553466796884e+03
4.274321506733967908e+02 1.566047154851989717e+03 1.945772965587750321e+02 3.012828882578058256e+03 1.201498779296875000e+03 2.821244868164062609e+03 1.497276497802734411e+03
6.116714965769760965e+02 1.693917006185630498e+03 2.006266840874912418e+02 3.203078088588956689e+03 1.199172237689678468e+03 2.815081160325270503e+03 1.497316248967097408e+03
8.156177395075535514e+02 2.998189869830508997e+03 3.488677134370490194e+02 9.685269137273613524e+03 1.196009492935672824e+03 2.809287997338079549e+03 1.497977109847530301e+03
9.492170865119869632e+02 3.598708038846503769e+03 3.964122591579488244e+02 1.250501708354416041e+04 1.193766149287601138e+03 2.803273595576663865e+03 1.499361426483812920e+03
1.118792152015664897e+03 3.354812681890575732e+03 3.528702159023414424e+02 9.908779001685914409e+03 1.191741207660444616e+03 2.797001323930368926e+03 1.499369302839240845e+03
1.334615999762073216e+03 3.923008821848496609e+03 3.735429393107397686e+02 1.110378897702299219e+04 1.190954825316660390e+03 2.790458363188794465e+03 1.500557917668269283e+03
1.793955547043481602e+03 4.678691780752075829e+03 3.994201806182346104e+02 1.269550975225942784e+04 1.183127471141326168e+03 2.785461782602163566e+03 1.495081267528044918e+03
1.795750187672933862e+03 5.392861040207585575e+03 4.870907994303576061e+02 1.888034772892967885e+04 1.183163001751077672e+03 2.778611959523168025e+03 1.496096689509249245e+03
2.228148637607702767e+03 4.287177416221675230e+03 3.546462590150596839e+02 1.000877444197444493e+04 1.183161461198833649e+03 2.771820563517825576e+03 1.495095039475132126e+03
2.061400018458642535e+03 4.039644853684980262e+03 3.480854690497624233e+02 9.641884477379939199e+03 1.184374002557051881e+03 2.765449109529194175e+03 1.496607357627467081e+03
2.019871561950408250e+03 2.985930713146763082e+03 2.663274699611411052e+02 5.644455621486508790e+03 1.183328445236404150e+03 2.760081076882102479e+03 1.499739741337763689e+03
2.164549166990695085e+03 2.630372410453703196e+03 1.971458792167993010e+02 3.092897614188886109e+03 1.184726728651258782e+03 2.754329444037543453e+03 1.502066662258572023e+03
2.262848573523112918e+03 2.722477990126430541e+03 1.988719801036672550e+02 3.147294130029945336e+03 1.183992002016538208e+03 2.748758161272321558e+03 1.503169917119013689e+03
2.416177501053924971e+03 2.882363971958360253e+03 2.006786779417194566e+02 3.204738505358020120e+03 1.183452697753906250e+03 2.742623805690456265e+03 1.504579774598817494e+03
2.648815865596510321e+03 3.106016174719152332e+03 2.071970482772726143e+02 3.416309938030879493e+03 1.182868507486979070e+03 2.736039065755208412e+03 1.504861184895833276e+03
2.887986574872925758e+03 3.422847410025754925e+03 2.191153023661757686e+02 3.820635026963113887e+03 1.181759257991139521e+03 2.729248689977134291e+03 1.503694751274294958e+03
3.160022776141671784e+03 3.626906178974616068e+03 2.212993052791131277e+02 3.897177953756819534e+03 1.180130677758193542e+03 2.723034102277058082e+03 1.506051888814786480e+03
3.316619728265416597e+03 3.868656375600239699e+03 2.296835412151808953e+02 4.198072038784601318e+03 1.180513563041227371e+03 2.716758218420557114e+03 1.508568499094032404e+03
3.458431194566353952e+03 4.078779768574070204e+03 2.372620420108340227e+02 4.479676615205532471e+03 1.181871091006846882e+03 2.710508270606565929e+03 1.511511166004652296e+03
3.779137360752662516e+03 1.745006627487710284e+04 9.993299323389830988e+02 7.947086269503309450e+04 1.180242343835663405e+03 2.705318539268092081e+03 1.520406344229714932e+03
4.376645757391619554e+03 1.309592232046542267e+04 6.394881083371020623e+02 3.254281234052394575e+04 1.178388463712993371e+03 2.698674694181743234e+03 1.519966216077302533e+03
4.667829351201349709e+03 1.471004190932803976e+04 7.316864166237784275e+02 4.260299403075074952e+04 1.178023878914969373e+03 2.692528248378208900e+03 1.523106208801269531e+03
4.991676650093208991e+03 1.648819068265053284e+04 8.280005250852065046e+02 5.455711044826123543e+04 1.176752007602660115e+03 2.686740857841554771e+03 1.528283765051975706e+03
5.863114075518597929e+03 1.478182165158653879e+04 6.837195359742644314e+02 3.720027191770855279e+04 1.178216009140014648e+03 2.680588924407958984e+03 1.531882894515991211e+03
6.489334628505715955e+03 1.574051326094330943e+04 7.058838247864355253e+02 3.965122384069816326e+04 1.178775499649630319e+03 2.674174290314885639e+03 1.533559012143666450e+03
7.430430064506761482e+03 1.689903471255156546e+04 7.502554498663128015e+02 4.479282501909624989e+04 1.176913721033044794e+03 2.668530402106207930e+03 1.539496069830817078e+03
7.910595264219061391e+03 1.886338735429975350e+04 8.481718257439305262e+02 5.724767063321873866e+04 1.171806588541666770e+03 2.662410361328124964e+03 1.541512989095052035e+03
8.705597758456755400e+03 2.097226435445209790e+04 8.797404360913069468e+02 6.158844575296575931e+04 1.169831375627328271e+03 2.655631205375620993e+03 1.540185324561517064e+03
9.351694620885711629e+03 2.048403566425582903e+04 8.159333043787331690e+02 5.297847545843279659e+04 1.169529552515002251e+03 2.648874060589334022e+03 1.539439813143965239e+03
1.011903608767402511e+04 1.489884729068178422e+04 5.161282073906696723e+02 2.119850946938593916e+04 1.169584201697147364e+03 2.641255772446141236e+03 1.533311960856119867e+03
1.061182555305700407e+04 1.232810525518878785e+04 4.185852387931378757e+02 1.394305543840140490e+04 1.169121156889816803e+03 2.635027564739358695e+03 1.535898621657799140e+03
1.081190209657043670e+04 1.278575025137570265e+04 4.281171474936072627e+02 1.458530052970347606e+04 1.168134966933936312e+03 2.628983257092927488e+03 1.539525896038925339e+03
1.094314111347266044e+04 1.303781530409305742e+04 4.327110482928807187e+02 1.489999436279335532e+04 1.164611081879714447e+03 2.622744134311018115e+03 1.541207065976899230e+03
1.098013877081327155e+04 1.355128977077001764e+04 4.464437810219175731e+02 1.586074895685462798e+04 1.165958258734809078e+03 2.616541408962673813e+03 1.544453943323205976e+03
1.139368391818677992e+04 1.419417664753990903e+04 4.579427300649250014e+02 1.668831442705393056e+04 1.166379768554687416e+03 2.608874951171875182e+03 1.538109470703124998e+03
1.213277294000697657e+04 1.542240824687200438e+04 4.805622873526716603e+02 1.837763019353767959e+04 1.163895418945312485e+03 2.603001265625000087e+03 1.542414107421875087e+03
1.301825408501312631e+04 1.659624847215613045e+04 4.967378468605266448e+02 1.963562082290337275e+04 1.161919205036569110e+03 2.596130625623337892e+03 1.540494832356770758e+03
1.379354185477354258e+04 1.882176919661736247e+04 5.391423323413349635e+02 2.313113813389448114e+04 1.166580236646864250e+03 2.588687467787000969e+03 1.536729776170518562e+03
1.450263271606572926e+04 2.011383726612599276e+04 5.638795836723296588e+02 2.530246756522979922e+04 1.157446455144557831e+03 2.582303343896152001e+03 1.535973248332536059e+03
1.558307978563422694e+04 3.029188518289993590e+04 8.409888495354413180e+02 5.628214118042803602e+04 1.161377150918073085e+03 2.573319016074114188e+03 1.522282162589822974e+03
1.701231660144489433e+04 3.482597172773276543e+04 9.209661690558896225e+02 6.749591513529737131e+04 1.164808668053668498e+03 2.565977050781250000e+03 1.519306298960810182e+03
1.804748565292798594e+04 3.601995903249295952e+04 9.223269001943950798e+02 6.769551344046388112e+04 1.164661778041294610e+03 2.559234620432374413e+03 1.518251550099206270e+03
1.905368996719066854e+04 4.149987437844210945e+04 1.061932115598693599e+03 8.973950019039963081e+04 1.169417691200657828e+03 2.551902990080181098e+03 1.518754140753494994e+03
2.047172382851496513e+04 4.269334706155619642e+04 1.036498324164685073e+03 8.549236760283043259e+04 1.168173721785397902e+03 2.545198536666398013e+03 1.514318200809439531e+03
2.153414036304855472e+04 4.277931940637228399e+04 1.028819184837429020e+03 8.423027997280893032e+04 1.170579788435750970e+03 2.537968011504975038e+03 1.510986849808574334e+03
2.266197172410654821e+04 3.805751577198718587e+04 9.166783558884508238e+02 6.686888632698540459e+04 1.172841602055713338e+03 2.530818471581044832e+03 1.506521097202493593e+03
2.366261560226075017e+04 4.805431549432133033e+04 1.148477036078242691e+03 1.049626453712807415e+05 1.175173218988067447e+03 2.523652845392179643e+03 1.504775951784048402e+03
2.445498876873662812e+04 4.828692234413862025e+04 1.118038714147912060e+03 9.947268027453933610e+04 1.178905337178648324e+03 2.516176470376000452e+03 1.499437353876423913e+03
2.539478477127006045e+04 5.546127748431060900e+04 1.301616769357419571e+03 1.348206468092332652e+05 1.183473430175781232e+03 2.508513363037109229e+03 1.498994512939453216e+03
2.547910680716892603e+04 4.267012540005690244e+04 9.992889474222192803e+02 7.946434424742851115e+04 1.175798647389828602e+03 2.503572076001213645e+03 1.496044089900637118e+03
2.543680048143553358e+04 3.694346009490954020e+04 8.157981600265175075e+02 5.296092709076846950e+04 1.175144484985909003e+03 2.497070186527896567e+03 1.494234330408105052e+03
2.536121725551506461e+04 4.671748058405976190e+04 1.084616012280489031e+03 9.361429247924663650e+04 1.163997331346784222e+03 2.492900296892438746e+03 1.500350791386195624e+03
2.515009726592699371e+04 4.076515269504857133e+04 8.979286471241341587e+02 6.416139393540355377e+04 1.161550593532986113e+03 2.486796547309027574e+03 1.498449399956597290e+03
2.536772824278807093e+04 4.157933384340435441e+04 9.110004465109935836e+02 6.604307950259764038e+04 1.163930367043490833e+03 2.479620571716589893e+03 1.496699564709641436e+03
2.546404163917920232e+04 4.576057074719030788e+04 1.004780145584794695e+03 8.034007367312436691e+04 1.166641911269275397e+03 2.472370554295169313e+03 1.491171099400416324e+03
