1.101480611037860399e+04 1.912622042775713635e+04 6.286598843799928318e+02 3.145007117465315969e+04 1.200545247143099687e+03 1.119146315296244211e+03 5.007308620666124739e+02
1.126233795526632275e+04 1.269660896666720510e+04 4.209587358466690148e+02 1.410162589691075846e+04 1.213130953205165497e+03 1.125966858821128653e+03 5.073337566318796803e+02
1.122792891257143856e+04 1.265676897655297762e+04 4.209282853237211270e+02 1.409958585680336182e+04 1.218205012328235853e+03 1.130263365400598332e+03 5.111545163418384163e+02
1.110139545510973403e+04 1.254146181362671450e+04 4.204835274509450187e+02 1.406980601507637220e+04 1.222965285209760168e+03 1.136020688409674676e+03 5.137485405908871599e+02
1.083080494722494586e+04 1.214001769898644307e+04 4.112614804079407804e+02 1.345941564655629372e+04 1.226353317469766807e+03 1.141101861823095078e+03 5.187752708539570676e+02
1.066330188797171468e+04 1.202317914424449918e+04 4.109845720534606244e+02 1.344129690659929111e+04 1.231827097299936668e+03 1.145209401723500832e+03 5.223139211293813560e+02
1.030508006946029127e+04 1.162450782974046706e+04 4.035618691798515556e+02 1.296016067438265964e+04 1.235384415690104106e+03 1.149596876627604161e+03 5.278986822509765489e+02
9.831567382742543487e+03 1.098668871408600353e+04 3.884664402804036740e+02 1.200873186500587326e+04 1.238554446797975288e+03 1.152904592594630230e+03 5.351518765301771055e+02
9.365515708316326709e+03 1.046030029076725987e+04 3.788385909201083450e+02 1.142085351249621635e+04 1.244365071310925941e+03 1.158253372420125970e+03 5.369062320082935003e+02
9.006445698018278563e+03 9.912713566093618283e+03 3.676942263711314922e+02 1.075879808543744912e+04 1.249490781250000055e+03 1.160081167968749924e+03 5.438660556640625146e+02
8.778053502890377786e+03 1.004473569020516152e+04 3.780241104593666250e+02 1.137179798957272760e+04 1.253975146669330115e+03 1.164500758315577741e+03 5.489731412945371858e+02
8.662082559768134161e+03 1.007873656091000703e+04 3.844341868937401046e+02 1.176072619438557740e+04 1.259385315838982024e+03 1.168472957835477928e+03 5.536574722738827177e+02
8.843942109832156348e+03 1.034260994979907264e+04 3.879559285027909823e+02 1.197718952268367320e+04 1.264266357421875000e+03 1.173714267215213340e+03 5.583485771385398948e+02
9.269266389324133343e+03 1.046448608466511178e+04 3.812036310034118287e+02 1.156389643037723181e+04 1.270824497767857110e+03 1.176826106480189765e+03 5.630646671840122508e+02
9.574438755805636902e+03 1.066670414208107286e+04 3.833334803409719598e+02 1.169347631546165576e+04 1.278587226121945378e+03 1.182881347656250000e+03 5.647316614595571309e+02
1.010841138755629436e+04 2.111419535871654443e+04 6.687872318722033924e+02 3.559312193165754434e+04 1.278284160588063287e+03 1.186869668765943970e+03 5.760233328683035552e+02
1.044430083722782729e+04 3.837200496162554919e+04 1.204942854906306593e+03 1.155375189977874252e+05 1.281998135297726321e+03 1.191279778113731936e+03 5.828751396766075459e+02
9.893429581957641858e+03 5.134486771752569621e+04 1.726133006750108962e+03 2.371038741756952368e+05 1.285173730735570416e+03 1.193819474684084753e+03 5.913873684575648895e+02
8.964190924680944590e+03 7.206435708175445325e+04 2.752916904050641733e+03 6.030819648075643927e+05 1.288663887627180202e+03 1.189728507108466601e+03 6.034671616665152669e+02
8.263340464318906015e+03 5.169401776167183561e+04 2.275778447403212795e+03 4.121450576785404701e+05 1.293463397957686084e+03 1.186793562872561324e+03 6.135008830693416257e+02
9.669667122202004975e+03 1.758632778189151941e+04 6.057765472529906674e+02 2.920216476684492227e+04 1.302615939857219928e+03 1.186630581559805933e+03 6.173627883384967845e+02
1.054354379207333841e+04 1.358177073322551587e+04 4.550090570117737343e+02 1.647518192135552454e+04 1.306606359088231557e+03 1.193755467974950307e+03 6.223308144221230123e+02
1.103882794003486561e+04 1.399603663095135744e+04 4.532604314894708750e+02 1.634879513415481415e+04 1.315611310816522746e+03 1.196896582760027968e+03 6.244054697520697346e+02
1.134239531293227446e+04 1.442120782819935812e+04 4.618903657015400199e+02 1.697727342882302401e+04 1.320891844042304456e+03 1.201218944316007764e+03 6.296734681421396544e+02
1.171964730753311960e+04 1.420065384870814341e+04 4.522564139337757751e+02 1.627644689314848074e+04 1.322947335256657198e+03 1.208355346679687500e+03 6.366545560595014877e+02
1.227652490606849278e+04 1.506861446060915296e+04 4.644744516794162337e+02 1.716776648433235459e+04 1.328129203177787076e+03 1.211705301645639793e+03 6.425966805122993719e+02
1.266245029561386582e+04 1.654861719498676757e+04 5.045002267809531986e+02 2.025409616132132578e+04 1.344872993918026168e+03 1.213170161527745904e+03 6.375786958582260695e+02
1.284610125292858902e+04 1.675417079341235876e+04 5.133371474033416462e+02 2.096985955539861970e+04 1.349497584691540851e+03 1.222924545393319022e+03 6.403402276400862547e+02
1.266499409068629393e+04 1.829708423090662473e+04 5.686235181476322396e+02 2.572999916309400942e+04 1.352353635406494050e+03 1.230175396728515580e+03 6.464183242797851108e+02
1.234809925666208619e+04 1.851818451963044208e+04 6.195587991565211041e+02 3.054605958968409686e+04 1.359263994793559277e+03 1.230997637371684277e+03 6.520413257687590658e+02
9.669371148125710533e+03 5.879481155384497106e+04 2.661464035098210843e+03 5.636783306412510574e+05 1.362745234350463306e+03 1.234625830568860010e+03 6.595955028438088448e+02
9.743817063421445710e+03 6.111011429627572943e+04 2.705692222578745259e+03 5.825683984648607438e+05 1.369914040029345415e+03 1.239098999023437500e+03 6.628041202678016361e+02
8.921525875764291413e+03 4.368581524023777456e+04 1.948066558273615556e+03 3.019935852542524808e+05 1.378517500872773326e+03 1.245511054734676918e+03 6.633760611861224561e+02
8.771513496474384738e+03 2.700840925753715783e+04 1.121513066176529492e+03 1.000918718860196823e+05 1.384415487484056030e+03 1.248776119310028662e+03 6.686209134471660036e+02
7.225881628698312852e+03 1.102930878962062525e+04 4.177793668972756791e+02 1.388942000529953475e+04 1.383086124674479152e+03 1.240369876302083412e+03 6.882660078938802144e+02
7.774836989449680914e+03 1.175206905660208940e+04 4.317192376441113879e+02 1.483176852503783812e+04 1.392221985267487526e+03 1.238959805722268129e+03 6.928777821521885016e+02
8.362209815440824968e+03 1.221316320530562552e+04 4.275454197289235481e+02 1.454637074942764957e+04 1.397851931058443597e+03 1.241583763709435061e+03 6.987791255070612806e+02
8.820400328920188258e+03 1.268064945340800296e+04 4.390401317522521936e+02 1.533905398817211790e+04 1.402974704318576414e+03 1.249731692467206813e+03 7.019644021870177539e+02
9.543020935906377417e+03 1.287059735039430052e+04 4.490327997210490025e+02 1.604524181348967250e+04 1.408532409667968750e+03 1.250714819177404706e+03 7.088781888887480136e+02
8.991010735484342149e+03 1.139578230630411963e+04 4.116741656247419883e+02 1.348644122028148377e+04 1.415126078132454722e+03 1.251989493566615010e+03 7.142558393405594188e+02
8.521144674802892041e+03 1.026923844673241365e+04 3.822037719138529042e+02 1.162465502157449191e+04 1.422187641081262882e+03 1.252397149758260866e+03 7.191793508060643489e+02
8.128411151811289528e+03 9.918620949542470044e+03 3.776826807664774037e+02 1.135126535166471331e+04 1.424937675984700491e+03 1.261173551432291561e+03 7.247629826863607150e+02
7.776093425201318496e+03 9.537388621272613818e+03 3.687737587083836388e+02 1.082206543841013627e+04 1.431169505583934324e+03 1.264786954961271476e+03 7.288004499908186062e+02
7.455596867159310932e+03 9.034115456456394895e+03 3.559809887564137512e+02 1.008425330152147762e+04 1.439295288085937500e+03 1.264851098412865895e+03 7.317915995829814619e+02
7.009093678159757474e+03 8.564121350425251876e+03 3.473762957369800120e+02 9.602636635757016847e+03 1.448505633123989810e+03 1.263147751380657382e+03 7.340826700144800725e+02
6.278807882991798579e+03 8.093132351612400271e+03 3.472054206643203997e+02 9.593191848164768089e+03 1.453904225755774405e+03 1.265533056640625091e+03 7.395737299380094782e+02
5.249968628950433413e+03 6.956684128318247531e+03 3.267978421800391970e+02 8.498621672951187065e+03 1.462199070312499998e+03 1.267727807617187409e+03 7.412054140625000400e+02
4.388059949054739263e+03 6.073557183750672266e+03 3.096753960651055309e+02 7.631388081018360936e+03 1.469040948751698352e+03 1.266426506241508150e+03 7.465313152810801967e+02
3.639284309165199375e+03 4.800018834848317965e+03 2.738291992316822530e+02 5.966912217771486212e+03 1.476400611707899316e+03 1.267441213650173722e+03 7.500173183865017563e+02
3.598902457905247957e+03 4.409341793327375854e+03 2.522882975649233401e+02 5.065057130773881909e+03 1.484974532515914461e+03 1.264583597065490039e+03 7.537419147255980079e+02
3.909060060648856506e+03 4.924304169768328393e+03 2.679166356341959840e+02 5.712017085309157665e+03 1.492307992299397711e+03 1.260357135772705078e+03 7.598291009267171603e+02
4.405317521370303439e+03 5.954427988596567047e+03 2.959223053743976379e+02 6.968600044155542491e+03 1.497428473839393064e+03 1.265741273146409185e+03 7.642310697115384528e+02
4.849519121842703498e+03 6.793793946315688117e+03 3.138262740828301389e+02 7.837340893970919751e+03 1.502734450034045267e+03 1.268151000976562500e+03 7.698369185421445309e+02
5.256218689677169095e+03 7.430533172542128341e+03 3.263003330958682682e+02 8.472765179853335212e+03 1.510107390669055349e+03 1.277994293901257151e+03 7.689821079799106656e+02
5.618863483466613616e+03 8.002334808530080409e+03 3.456245905044088431e+02 9.506034894820109912e+03 1.516143105246803998e+03 1.280017817641749616e+03 7.737801832719283084e+02
5.969418320031141775e+03 8.219450403480850582e+03 3.510196942778370612e+02 9.805124291823185558e+03 1.522163012307787767e+03 1.284132561577690922e+03 7.775764334542410552e+02
6.231860521051212345e+03 8.307578787377495246e+03 3.524735575887972914e+02 9.886514779163129788e+03 1.528117759515431317e+03 1.287016854782734981e+03 7.820639941002712021e+02
6.407582590361285838e+03 7.946882929187775517e+03 3.392116060036386216e+02 9.156543060737631095e+03 1.535575280361488240e+03 1.286940623799308469e+03 7.859505705286244392e+02
6.420155890506147443e+03 7.745693643989880911e+03 3.365238721088542775e+02 9.012014683836512631e+03 1.543357740987942861e+03 1.288505373977300678e+03 7.885901580570250644e+02
6.242705595477257702e+03 7.742410907986693019e+03 3.435487767595979562e+02 9.392191718279578708e+03 1.549910090353636633e+03 1.291953620843127737e+03 7.923365845806830521e+02
6.029102803500712980e+03 7.194283025947365786e+03 3.252721014638580073e+02 8.419450869117134062e+03 1.555580975282539384e+03 1.303361126649726884e+03 7.938512940638273676e+02
5.890906032259111271e+03 7.104471302929105150e+03 3.226765729785300323e+02 8.285619925151180723e+03 1.558968218994140670e+03 1.312490219726562600e+03 7.993424353027344296e+02
5.591113779979895298e+03 7.006105012120031461e+03 3.240137845837707005e+02 8.354435486753462101e+03 1.565224967887809726e+03 1.317213985958614785e+03 8.034941065332910739e+02
5.264555684781355012e+03 6.373118551569648844e+03 3.031250150101007534e+02 7.311958046174458104e+03 1.568001551265210082e+03 1.322896937007397582e+03 8.112478891558351961e+02
4.631953669431984054e+03 5.827826754783235629e+03 2.912388989929185072e+02 6.749768798772040100e+03 1.575711885541398942e+03 1.326830285758615673e+03 8.142685204621786852e+02
3.850984303653105599e+03 5.856118033579969961e+03 3.122924551415742371e+02 7.760918449031877572e+03 1.576509190464878884e+03 1.329021190746410412e+03 8.256440017287795854e+02
2.756296562570813876e+03 4.055411647848901339e+03 2.595921391734407280e+02 5.362572916928051200e+03 1.576213195144489191e+03 1.333229563067036224e+03 8.372273572696152542e+02
2.347349865841883002e+03 3.351756531580253522e+03 2.450727259052584373e+02 4.779473948826930609e+03 1.578843195734797291e+03 1.337144400931693326e+03 8.457545685639252042e+02
2.276426941612122391e+03 2.731008541728956061e+03 2.022287959008488940e+02 3.254438942360663987e+03 1.581591017779182039e+03 1.343384885900160953e+03 8.530146358714383723e+02
2.247040671811747416e+03 2.625946686477080220e+03 1.932801522663903029e+02 2.972792893552906662e+03 1.584562385441706738e+03 1.350086953500600885e+03 8.598028010441706783e+02
2.235314246231904690e+03 2.695142777710335395e+03 1.965325455298026043e+02 3.073683137141315001e+03 1.590056325993067730e+03 1.356487161985585317e+03 8.639804936798525432e+02
2.352485735227553505e+03 2.835559330402935302e+03 1.974056178933432761e+02 3.101052736048075531e+03 1.600122756585842126e+03 1.366516220464939124e+03 8.613806554282583647e+02
2.678604524084425520e+03 3.357100887367573250e+03 2.224806126159342341e+02 3.938895685075698566e+03 1.605759423828124909e+03 1.369070117187500045e+03 8.672864473230698650e+02
3.016140426010421379e+03 4.360207882261527629e+03 2.663854638882493759e+02 5.646914097048259464e+03 1.612362422777258871e+03 1.367112791641898866e+03 8.743421989109205015e+02
3.615763119015507527e+03 6.326066081202641726e+03 3.341533359444582629e+02 8.885497280751977087e+03 1.617097702508223620e+03 1.369447412109374909e+03 8.813400763260690383e+02
4.202546917538464186e+03 6.260718787274208808e+03 3.086484272015766805e+02 7.580856441171021288e+03 1.623742374420166016e+03 1.363927604675292969e+03 8.900948689778646212e+02
4.696739570058773097e+03 9.275380970901955152e+03 4.604151956094133880e+02 1.686900369672604211e+04 1.630538808371803952e+03 1.365556415349786903e+03 8.951845198197797799e+02
5.096881284518733082e+03 1.392586641196325036e+04 6.743554691081611736e+02 3.618827684394842800e+04 1.637274550708372090e+03 1.369311967992071004e+03 8.977839669754256420e+02
5.004482242344129190e+03 9.755212269639227088e+03 4.540310205765320006e+02 1.640443163519410518e+04 1.642448439683371362e+03 1.366273266800050806e+03 9.060615556918509128e+02
5.206548945238223496e+03 7.558379096405633391e+03 3.594603698080074992e+02 1.028234495287474238e+04 1.648070689325747253e+03 1.359773582922894093e+03 9.168471610691236720e+02
5.988635924901368526e+03 7.381119510299362446e+03 3.282017787732618785e+02 8.571799360019605956e+03 1.658477291895338340e+03 1.353664765665353798e+03 9.260248811579932635e+02
7.230017424376128474e+03 9.434312998993384099e+03 3.822314931318352933e+02 1.162634135387091192e+04 1.669662435477120425e+03 1.355587223597935235e+03 9.326876325334820876e+02
8.673886361112839950e+03 1.024343485995901938e+04 3.802371552678863509e+02 1.150533425148289280e+04 1.680876650477302064e+03 1.360825401170719260e+03 9.388337005073502723e+02
1.033884430700641315e+04 2.607150423232724279e+04 8.038975317340917854e+02 5.142703978424091474e+04 1.687522236609334186e+03 1.361387007628435867e+03 9.496647262173797799e+02
1.406052757922549972e+04 5.567037946627865313e+04 1.783239336956284433e+03 2.530517864270750433e+05 1.686676096170890332e+03 1.355397235261292053e+03 9.683815279407662047e+02
1.739534080057589017e+04 4.317151001690814155e+04 1.028229976187603597e+03 8.413382959775732888e+04 1.686149048966359942e+03 1.365063669979844462e+03 9.778511305160174061e+02
1.775658062528817027e+04 2.682902961267626597e+04 6.860246443052717495e+02 3.745153052038761962e+04 1.682090161250187748e+03 1.377420517554649905e+03 9.858893045278696263e+02
1.960027016191128132e+04 1.816676639380256238e+05 5.369180748089874214e+03 2.294067459121253807e+06 1.690023113586982390e+03 1.353768546524743442e+03 1.014422832083194862e+03
2.560505437940432967e+04 7.917048801914569049e+04 2.091784088315339886e+03 3.481960548839321127e+05 1.685949537882625918e+03 1.379667687529996783e+03 1.011345172973216222e+03
2.731190890447581114e+04 7.832724174585970468e+04 2.020789253361621377e+03 3.249617038857376319e+05 1.686433314467921491e+03 1.388434835722952130e+03 1.017760273788914560e+03
2.735862155533019541e+04 6.252352703395621938e+04 1.489096691107331480e+03 1.764557980593890825e+05 1.689680057810313656e+03 1.402227371899049785e+03 1.019467830373280094e+03
2.766424741429283677e+04 5.535388963422360393e+04 1.212640035598866689e+03 1.170183421342781512e+05 1.694679989253249232e+03 1.410060560565128526e+03 1.025239119485159790e+03
2.696644785257767944e+04 1.014324475757837645e+05 2.709668022709341130e+03 5.842817324601066066e+05 1.698643593709977040e+03 1.423944872246413979e+03 1.026658830236216090e+03
2.663639749397285777e+04 7.638378711340522568e+04 2.005510803247015247e+03 3.200664460225770017e+05 1.701707996046686731e+03 1.444286148500251102e+03 1.023373163062405865e+03
2.621260974833883665e+04 9.942852917305410665e+04 2.624494762508622898e+03 5.481274561936391983e+05 1.696189946492512945e+03 1.461148781053947687e+03 1.025361201199618336e+03
2.559310299811507866e+04 7.550720885259353963e+04 1.741047697306289592e+03 2.412189785992646357e+05 1.695987650466067635e+03 1.469355304767133930e+03 1.032416539008013615e+03
2.498900134173300830e+04 7.190364401446490956e+04 1.551386402379505171e+03 1.915270401732266473e+05 1.690051964050014249e+03 1.482665463242901069e+03 1.037269417540667746e+03
