7.072765685880501962e+01
7.296909899914045639e+01
7.433349320268877136e+01
7.178601481236715642e+01
6.941879603229074291e+01
6.845170495771034780e+01
6.749027181877407600e+01
6.653940070830992681e+01
6.559747141947364923e+01
6.508261526731941160e+01
6.496248212690885282e+01
6.350663931043734323e+01
6.281843964086171894e+01
6.334289886844818795e+01
5.999780532230471408e+01
5.740585996404974622e+01
5.522231187518773510e+01
5.610040385873644908e+01
7.990819962106905905e+01
7.562993484705607727e+01
7.063420094428228424e+01
6.568498365671126749e+01
6.546856591294384486e+01
6.623830719823746449e+01
6.739497224952215504e+01
6.940079358699193790e+01
7.065090165151028145e+01
7.234440827021283837e+01
7.430910360190168262e+01
7.525749777077936642e+01
7.523500586479909202e+01
7.625385441848433743e+01
7.737766603805390275e+01
7.850099312906149862e+01
7.962543598575285841e+01
8.276952879121343187e+01
8.661391664966646431e+01
8.376232076003024929e+01
8.025574078854802451e+01
7.683220504440180321e+01
7.435036622747300328e+01
7.195411319160220387e+01
7.243451146290330200e+01
7.379686544490661504e+01
7.512120534880527600e+01
7.576958780718754838e+01
7.535379040374988335e+01
7.434228829676754913e+01
7.339372467842082415e+01
7.221609581641217801e+01
7.103063015411943582e+01
7.050069023700761761e+01
7.052795722174862192e+01
7.121713567265095435e+01
7.124321366803145850e+01
7.056395966012752297e+01
6.988962004138072359e+01
6.865559607679682586e+01
6.790570093603092516e+01
6.703046229109173737e+01
6.617035344661867668e+01
6.695597898839169204e+01
7.127540231361803080e+01
7.525972022243628601e+01
7.832942658702593519e+01
8.138051863906700589e+01
8.509378893692776558e+01
9.148648962466873513e+01
9.708649712143265731e+01
1.045700836603783586e+02
1.262210583093393836e+02
1.515646707830730406e+02
1.614612729122776500e+02
1.661222766529504327e+02
1.707529002527330135e+02
1.751206101263784376e+02
1.792645978649647702e+02
1.832158309243598922e+02
1.866360736064035564e+02
2.123503634896245558e+02
2.240301097806885195e+02
2.341259556846352439e+02
2.447155096269191574e+02
2.597548187985436243e+02
2.889389104037452967e+02
3.036140107241787973e+02
3.224806469768072930e+02
3.383946937024564363e+02
3.465079794540144462e+02
3.569077147760302751e+02
3.755359040358646325e+02
3.877054257508909814e+02
4.134078206317342961e+02
4.222494963179362912e+02
4.304950752063533059e+02
4.388483701459638269e+02
4.469371517551220450e+02
