6.436543349691180538e+01
4.560150721855269751e+01
4.660848163838131342e+01
5.120845679975236209e+01
5.810176147854140538e+01
6.273035118647385389e+01
6.550100363863809605e+01
6.704721484457068925e+01
7.070989165893483630e+01
7.355067336757146279e+01
7.787080500874257893e+01
8.347298537280536834e+01
8.853837982425507391e+01
9.066747221881220753e+01
9.162003463396436587e+01
9.309010232187824840e+01
9.107545262776487505e+01
9.105935859800796095e+01
9.627356692395761684e+01
1.028168407150711801e+02
1.042023948648000840e+02
1.016765798828786416e+02
9.891715705387008484e+01
9.530138055226981919e+01
9.142025724631439232e+01
8.758671655836688785e+01
8.380664169973664457e+01
8.008790142625340991e+01
7.643931741037438599e+01
7.287174612973539922e+01
6.937937831401262656e+01
6.597452224876568039e+01
6.271294010056685408e+01
5.961130259748188109e+01
5.747669341300707657e+01
5.837425289413684482e+01
5.878298878176748588e+01
5.743006828658248253e+01
5.561093797454078924e+01
5.664386952150941568e+01
5.596561563110891058e+01
5.505747945590987769e+01
5.415692908243196513e+01
5.202685339755526428e+01
5.424832906270218302e+01
5.848056371514361729e+01
6.133003031802073224e+01
6.365157174996831202e+01
6.479382627559873242e+01
6.553645325970190072e+01
6.609639778740464067e+01
6.573976351110545124e+01
6.554498529313201516e+01
6.700823454464332940e+01
6.883230308902049899e+01
7.265930261054609218e+01
7.753850887456466978e+01
8.270242371370819967e+01
8.573477450300825353e+01
8.857088121344487774e+01
8.825298470192559819e+01
1.164288558428560236e+02
1.213124597067006931e+02
1.262654561337990629e+02
1.331744206794590752e+02
1.346314437500896588e+02
1.357503726334577152e+02
1.356111673102493285e+02
1.352976338268555878e+02
1.355594279749413715e+02
1.359514699843287815e+02
1.364809340417169778e+02
1.372484514329531748e+02
1.392724609782108018e+02
1.401495163221753728e+02
1.396783872602313465e+02
1.466804978760481220e+02
1.576936949985014849e+02
1.692267493629154842e+02
1.779557226989818162e+02
1.879005345296162375e+02
2.054773962029632628e+02
2.188302212505791999e+02
2.306471662657857564e+02
2.385613293401986539e+02
2.438250577163825881e+02
2.504728910827273580e+02
2.580816008212552219e+02
2.688837190769270933e+02
2.831515785009439128e+02
2.835415284165688377e+02
2.795774472604494463e+02
2.746976307793400451e+02
2.733932405703582731e+02
2.772726925573643939e+02
2.793947585443174262e+02
2.792301397522990101e+02
