9.913945491852184944e+01
9.185296426143335680e+01
8.864830593604655462e+01
8.544980120005871527e+01
8.226254287526816711e+01
7.925077736052868715e+01
7.589590484361362144e+01
7.266796437631401773e+01
6.947540660668411761e+01
6.959104708001360962e+01
7.065036944764268867e+01
7.141338978513041980e+01
7.236058647553892342e+01
7.362000780989191639e+01
7.489052814608302810e+01
7.617352431306576932e+01
7.746629699723871454e+01
7.876834611254163576e+01
8.008201094219110416e+01
8.237155019254042543e+01
8.514288751753656470e+01
8.771580155783391319e+01
9.020045272409630854e+01
9.267971344013071189e+01
9.516684664680984440e+01
9.748927984923427914e+01
9.885292937650382328e+01
1.016701935425659968e+02
1.044624632365989498e+02
1.073930033336191912e+02
1.100657573178819746e+02
1.124509569113859442e+02
1.144473458250156597e+02
1.162779098786839995e+02
1.172085253820042112e+02
1.179848154399134330e+02
1.185623878447430002e+02
1.188624908670837499e+02
1.190031245896052496e+02
1.203918471714343639e+02
1.230190506176157612e+02
1.384822244359357342e+02
1.582095472692352303e+02
1.739318259762321475e+02
1.767470808206692254e+02
1.777935894095906235e+02
1.788994230802306333e+02
1.802520121563858027e+02
1.816310905445637047e+02
1.822359402107389599e+02
1.829516775492365639e+02
1.847079864735815136e+02
1.854088147066133558e+02
1.765916679930758448e+02
1.675817910910226942e+02
1.586922688626363538e+02
1.599664923022250491e+02
1.666911003713483410e+02
1.694435317192896377e+02
1.729060955564432049e+02
1.772864826591944336e+02
1.826924968361406343e+02
1.878593369949681176e+02
1.921685368243471999e+02
1.965678040335038759e+02
2.002468875735478377e+02
2.030810345543429491e+02
2.054487965089615216e+02
2.078452873044436728e+02
2.101128735411661523e+02
2.117911169544263430e+02
2.128228530274937498e+02
2.130043828793067178e+02
2.132375464861476075e+02
2.145835174932468874e+02
2.158810955707263588e+02
2.157928229208683888e+02
2.149859058365964017e+02
2.142994441195489230e+02
2.159778604439467813e+02
2.183927504170370923e+02
2.203403898905232836e+02
2.213519129090445006e+02
2.218077404661214871e+02
2.220706383124169747e+02
2.221521178754830146e+02
2.220375435903277435e+02
2.217752496273961071e+02
2.206455568957172204e+02
2.194902798195508069e+02
2.195610955142452951e+02
2.192928101228791036e+02
2.201904794723601526e+02
2.221934086666520329e+02
2.238574338935842434e+02
2.247064322279033490e+02
2.254033282030244720e+02
