1.358126407670069682e+02
1.153991494783401635e+02
9.718628665290856361e+01
1.212588942063361941e+02
1.249483548244605515e+02
1.194739748318410477e+02
1.104902488400457088e+02
7.808214031908239861e+01
7.958546001704502260e+01
8.632353077923376361e+01
8.468131835914539352e+01
8.104409092349480659e+01
8.024967021462157390e+01
8.002225662610747747e+01
7.980119976735211651e+01
8.161454434121050383e+01
8.698376968040234658e+01
8.932299411359753094e+01
7.985905524361308494e+01
6.989960538419933300e+01
6.364683679014931528e+01
6.165938096910868893e+01
5.909512887114596680e+01
5.558564647416085336e+01
5.797381885607630636e+01
6.036283340107760864e+01
6.284178691896538993e+01
6.535896284325454531e+01
6.579346824729982757e+01
6.466052284026186214e+01
6.366377626107318832e+01
6.306060676797528686e+01
6.425308432822421878e+01
6.557149010733328964e+01
6.690378828477631146e+01
6.884907752227124433e+01
7.086041794285922890e+01
7.327221746127544577e+01
7.856202421114460321e+01
7.854398298526471933e+01
8.087612147581785393e+01
8.315133556798281234e+01
8.452473586432417108e+01
8.446614072952658603e+01
8.028622351967921134e+01
7.954516428507447756e+01
7.500243073269624006e+01
7.268550010781126502e+01
7.760862962957365596e+01
8.403404256708395792e+01
8.474097932239334341e+01
8.802167835146929065e+01
9.518975831696374712e+01
9.900848906854847087e+01
1.018636944094602370e+02
1.042778319767341628e+02
1.133831140881768960e+02
1.157575307818054426e+02
1.129349610939045192e+02
1.129919435139361212e+02
1.136339082408042032e+02
1.142828533111251943e+02
1.159608773958219672e+02
1.023644809376013711e+02
1.005286351485801219e+02
1.069549583069643290e+02
1.162670304278563975e+02
1.262226663108460230e+02
1.361206731689875937e+02
1.453624131222878759e+02
1.568497926678022907e+02
1.659947260169996355e+02
1.594031572030669395e+02
1.574837531846198999e+02
1.624733917351842081e+02
1.704325941132171351e+02
2.303124009192342783e+02
2.317113392686314057e+02
2.308650874527124586e+02
2.291802056551339604e+02
2.280798379775663136e+02
2.273777187400090156e+02
2.264992929743895900e+02
2.250524322544948745e+02
2.259954288685857193e+02
2.275190542895733756e+02
2.303722922693295914e+02
2.318030389000612672e+02
2.332852702989831357e+02
2.356086904858728701e+02
2.386826235172712245e+02
2.412002571551028041e+02
2.435336789344488864e+02
2.451938008399614546e+02
2.457542025871867679e+02
2.486796534491117825e+02
2.547176993047635278e+02
