1.257463433720418635e+02
1.236490141221914172e+02
1.226030020411430570e+02
1.215583356455364310e+02
1.210056238301601184e+02
1.206331118895014356e+02
1.202600386572186864e+02
1.198868396596593158e+02
1.195133011817435431e+02
1.191412981600895904e+02
1.187686402884489922e+02
1.183950603495562035e+02
1.181596761280916184e+02
1.179383033726089849e+02
1.177521864494182751e+02
1.178283011391262391e+02
1.179044005195594025e+02
1.179808847214604981e+02
1.181437986384295016e+02
1.183084765771959468e+02
1.185010243537671641e+02
1.187974434033966844e+02
1.190960052110169727e+02
1.193947483877001332e+02
1.195276571107815471e+02
1.196390634235927592e+02
1.197538705426887162e+02
1.198720961321946561e+02
1.199936388112889318e+02
1.201176970274128024e+02
1.202454689824932501e+02
1.203763389733278331e+02
1.202848612148962957e+02
1.196715275599666626e+02
1.190608828717644343e+02
1.184548196808495391e+02
1.185144735870053410e+02
1.186627969523019175e+02
1.188081117343358812e+02
1.190578428629177381e+02
1.193329130700383587e+02
1.196127734911767249e+02
1.198806187548618709e+02
1.201713938953300698e+02
1.204502168681773355e+02
1.207341369058451619e+02
1.210183620613727129e+02
1.213019005780285369e+02
1.228094488578444583e+02
1.245720986256464187e+02
1.259701774801253435e+02
1.264623365921058422e+02
1.264638084681490824e+02
1.262259955037826131e+02
1.257197805151922125e+02
1.252182060632227660e+02
1.247121547964446080e+02
1.226464195467557943e+02
1.166318088286190857e+02
1.208365813993041087e+02
1.252411076329199915e+02
1.304295399692703086e+02
1.362935005275028573e+02
1.402603257054016126e+02
1.435511685154181123e+02
1.473067961781374038e+02
1.511763452686607252e+02
1.522179680683102561e+02
1.511302024048501380e+02
1.499857182413288399e+02
1.531620535633891791e+02
1.591853267304532267e+02
1.648226313171354889e+02
1.746666649605216151e+02
1.852879665846345745e+02
1.961684740664633466e+02
2.068784312112062480e+02
2.113833670305577073e+02
2.160602049947072771e+02
2.210852123299694085e+02
2.229691177986656214e+02
2.205341755966333892e+02
2.252524966783014122e+02
2.304572584856630044e+02
2.357296425841598762e+02
2.365516841781807216e+02
2.371712455115699925e+02
2.377907836599355562e+02
2.384259958517957330e+02
2.392538695901890833e+02
2.438576419254474388e+02
2.487013431446175957e+02
2.537162082757177188e+02
2.590122244539993517e+02
2.603689954105840343e+02
2.462945957083212249e+02
2.331603809525542204e+02
