7.349839946746497787e+01
5.136619609285789778e+01
4.910076049592214531e+01
4.415584086321745616e+01
4.480482632720278957e+01
4.265069978817415830e+01
3.959906434879986392e+01
3.769704947942793183e+01
3.545297018027483205e+01
3.633013660082333729e+01
3.678176773663211208e+01
3.512507946589371244e+01
3.420567181791394518e+01
3.458495125013067906e+01
3.413426708454996827e+01
3.430964767239785118e+01
3.401307943236412967e+01
3.326378507855535815e+01
3.457555887106300929e+01
3.498957980367734422e+01
3.645806770175713751e+01
3.976075420743687516e+01
4.284143406646098384e+01
4.284871832678025783e+01
4.248482423329480184e+01
4.417586254187994399e+01
4.606118179202836416e+01
5.241638818272914335e+01
5.826845410377446655e+01
6.418799255250391411e+01
7.381435009330402863e+01
7.484214133214202036e+01
7.586818975188349157e+01
7.690023090372702086e+01
7.787320599720659686e+01
7.890528295453150065e+01
8.002584123506696301e+01
8.125245912434257889e+01
8.247954773999541089e+01
8.366060783345216123e+01
8.469504921556591626e+01
8.577236028756284725e+01
8.021542655021625023e+01
8.045791896860583847e+01
8.028319557727239442e+01
8.023894769755709433e+01
8.051329530190126604e+01
8.419210051858843258e+01
8.890417901044321525e+01
9.741820006035439405e+01
1.006903822969964040e+02
1.012168116470778756e+02
9.973266749264648467e+01
9.589915446811707511e+01
9.229252843024823960e+01
8.954010455759832610e+01
8.686416229943816347e+01
8.542702030866014695e+01
8.632877031810065205e+01
8.850565367686024842e+01
9.194595443266258883e+01
8.909964702778667345e+01
8.607009519780028484e+01
8.955430279786976655e+01
9.839281366722427435e+01
1.053958709242739928e+02
1.050458882628929445e+02
1.018686226273514279e+02
9.904832467334522050e+01
9.513100930085673212e+01
9.184924312182056383e+01
9.160944697808530179e+01
9.374694525716914484e+01
9.062033126859620324e+01
8.634495577333123606e+01
8.291321001755376585e+01
7.885358932915822550e+01
8.051501341437024450e+01
8.170010469165127631e+01
8.412895667877452865e+01
9.057490407191144755e+01
9.742762997484032894e+01
9.379553915348964210e+01
9.106954297592439218e+01
8.442299438746626095e+01
8.629817198594250272e+01
9.102551972472456043e+01
9.548123373286922799e+01
9.089852728329016429e+01
8.280187535787966624e+01
8.971250811385195334e+01
1.135598795028468402e+02
1.465032407287673948e+02
2.578532972315386473e+02
3.182146617602815581e+02
3.390151662121485288e+02
3.880537298505421404e+02
