1.562141522135652849e+02
1.485852859584601333e+02
1.429723085976771983e+02
1.367928201438279530e+02
1.313898489593245813e+02
7.904488696623772626e+01
7.661198153565428015e+01
6.599462948089457370e+01
6.757682171937500470e+01
7.078240806061700141e+01
7.599217709419380640e+01
7.910955281541849615e+01
8.165761644959270882e+01
8.612992999826415996e+01
8.992136659213328187e+01
9.352829021473168325e+01
9.901063832023761790e+01
1.040229784204406798e+02
1.073770821767616752e+02
1.097375753568276906e+02
1.112526104756071987e+02
1.125207826646431641e+02
1.130780579710526297e+02
1.130769895877027551e+02
1.130769219392482654e+02
1.130769895877027551e+02
1.129522240099906440e+02
1.131377241448022914e+02
1.132871845143764773e+02
1.129489084479291137e+02
1.129291001005410209e+02
1.131080453836425193e+02
1.132874656013841417e+02
1.132674404147100660e+02
1.131712780668370613e+02
1.131357732709184774e+02
1.131609816604229337e+02
1.132852280661485338e+02
1.145039292018994814e+02
1.157505735860640215e+02
1.166653177169973645e+02
1.172024212986969331e+02
1.178409247900598018e+02
1.173484972399887738e+02
1.130536655247930184e+02
1.099855984221470777e+02
1.068630475744898405e+02
1.047428022899952822e+02
1.027217159690409574e+02
1.003996678533660685e+02
9.745668432713782181e+01
9.596439462381880503e+01
9.518425629322926795e+01
9.597238005189218768e+01
9.794804684610151924e+01
1.001573774816606885e+02
1.059379565893203790e+02
1.124114331742641752e+02
1.187378133620327674e+02
1.207722134379752674e+02
1.189545562127024709e+02
1.179814447025456587e+02
1.149532312248583565e+02
1.114792306322771509e+02
1.075935362630366967e+02
1.027843508194661268e+02
1.043773959361872130e+02
1.157687466309676694e+02
1.280243826452573899e+02
1.200999585583008695e+02
1.106722647935949624e+02
1.003866604028828533e+02
9.519966384231422296e+01
9.328512719595460112e+01
9.354696659458302577e+01
9.613793627799670105e+01
9.898722979029422220e+01
9.740857457964442290e+01
9.734989053583689156e+01
1.092164943842119271e+02
1.308031119682518124e+02
1.397605171034142302e+02
1.471782103198161167e+02
1.581380115350935398e+02
1.707370556904301111e+02
2.330383967385259609e+02
2.441153194542069400e+02
2.547826312494519527e+02
2.593319044778664306e+02
2.586961543353726825e+02
2.578827353726434808e+02
2.567482548677184582e+02
2.536001976291751419e+02
2.500687283023280827e+02
2.488495406208290319e+02
2.472934755833242946e+02
2.459433618452242172e+02
