2.192729016157238675e+02
2.199304001956417096e+02
2.199155103171731298e+02
2.199283104375732876e+02
2.548059833212661545e+02
2.597269408559603789e+02
2.630796495107013584e+02
2.664196384178159747e+02
2.712549452795905154e+02
2.779335645450277070e+02
2.844959086089810967e+02
2.864680192390747493e+02
2.864752483745058953e+02
2.870371705367413142e+02
2.881011194520068557e+02
2.884178661003195998e+02
2.888742493467686359e+02
2.897205002067295254e+02
2.907902136856470747e+02
2.919497253925659379e+02
2.928190118736310410e+02
2.939621733098034042e+02
2.954096049452752482e+02
2.969065745395789691e+02
2.986462776721341470e+02
3.003777340310334694e+02
3.027897888920162472e+02
3.050821103758841559e+02
3.070065983827798277e+02
3.083188580775322407e+02
3.089682705662224294e+02
3.093457771187499930e+02
3.096161178001904091e+02
3.099194836013160170e+02
3.105413635090154116e+02
3.112160110792650585e+02
3.119614530018000664e+02
3.127772639526125431e+02
3.139445029104116998e+02
3.151549047353909714e+02
3.161180512467840344e+02
3.171168403105294260e+02
3.188080993795508675e+02
3.214072886664159228e+02
3.249443638950545505e+02
3.275773576361276582e+02
3.301975689476162188e+02
3.328312862055254300e+02
3.354526625922387097e+02
3.380907813578610899e+02
3.404467334042297466e+02
3.426014064716219423e+02
3.452944689457802383e+02
3.475441286099174363e+02
3.491602517649535002e+02
3.505358362590765751e+02
3.515910599471467890e+02
3.524080015055288868e+02
3.524205444561342233e+02
3.527555831979149730e+02
3.531918892654545061e+02
3.532246612533476764e+02
3.532418557974268083e+02
3.532747749576286651e+02
3.538579723650436790e+02
3.545949694278305628e+02
3.553282191605122762e+02
3.565905395798219502e+02
3.579775854355723936e+02
3.591533029627129281e+02
3.603305844817311936e+02
3.615173886649708948e+02
3.627056357684613772e+02
3.639010419188313676e+02
3.651590919787213920e+02
3.666954354763607284e+02
3.682340099570081406e+02
3.693408677389863328e+02
3.703260750594527053e+02
3.713195659747568698e+02
3.723494661021682077e+02
3.733879507357713692e+02
3.744600358229384938e+02
3.750920068197918340e+02
3.755572199533036724e+02
3.760271484256441568e+02
3.765035321631702914e+02
3.773143282044796933e+02
3.783627562299142824e+02
3.795337674445347602e+02
3.809881570071206056e+02
3.825469817193858830e+02
3.842181938008738484e+02
3.863694882299023448e+02
3.885253629635969901e+02
3.907271097217837905e+02
3.930604464456753249e+02
