3.442522639167777356e+02
3.412962334166051050e+02
3.393658654368038015e+02
3.329853249647922553e+02
2.728826469301678799e+02
2.691539137337333045e+02
2.637953828826102836e+02
2.643717161937904052e+02
2.693871846572048412e+02
2.747462532533017452e+02
2.785202560913469938e+02
2.821319919870865647e+02
2.844770453089397506e+02
2.863404848820126176e+02
2.855527979470273294e+02
2.814604164190990900e+02
2.757376345683809404e+02
2.671094115702416616e+02
2.587193336304637796e+02
2.540009534600679899e+02
2.548359801967080784e+02
2.527755428915661469e+02
2.499596220316895483e+02
2.483798735488242642e+02
2.449429720765054981e+02
2.413033424703307048e+02
2.412540165392957192e+02
2.433187264379574231e+02
2.444184390062372074e+02
2.446819543545386750e+02
2.435599026279113843e+02
2.443877873579130267e+02
2.424629511497134899e+02
2.653416700701139916e+02
3.067733861912938096e+02
3.326497256993387737e+02
3.532989672522207343e+02
3.567923917195325316e+02
3.558003075254718510e+02
3.521453216855177857e+02
2.889351549484024417e+02
2.728290658208664468e+02
2.750909779350855615e+02
2.748688196585596870e+02
2.732797321059591127e+02
2.675948258232106696e+02
2.610154464882631373e+02
2.544425255081020794e+02
2.512757694923828922e+02
2.522767121261451848e+02
2.545427791408358758e+02
2.553853010179016678e+02
2.609639574881194903e+02
2.635498628819000828e+02
2.633438792080130497e+02
2.682935805619445659e+02
2.731226763662173767e+02
2.747635369994587222e+02
2.735704480506207688e+02
2.726162497778300917e+02
2.692545646266831909e+02
2.601008004809081058e+02
4.226170029606562935e+02
4.791606984332547086e+02
4.367197201579514854e+02
4.321828871113791593e+02
3.578505689199516837e+02
3.725892412820433606e+02
3.893586081950360835e+02
3.747160079833819282e+02
3.798132799731242244e+02
3.968349944904890094e+02
4.051536666576463972e+02
4.082899110648423857e+02
4.049328303270608558e+02
3.950408021217901933e+02
3.829384330699931525e+02
3.831016133416099478e+02
3.829125705727521449e+02
1.063112611407607915e+02
1.016494966895516825e+02
9.792483930679884452e+01
9.969207462147873855e+01
9.870341518544229586e+01
1.071373313550124777e+02
1.068455248795042252e+02
1.773788629943150283e+02
2.631943047841442080e+02
3.553486099599595036e+02
3.701379922482686879e+02
3.355876896694248899e+02
2.778960547567178878e+02
2.648904793396950481e+02
2.701417752130073495e+02
2.769411595273483044e+02
2.779610681154759959e+02
2.738102892922153160e+02
