1.513091068866877720e+02
1.444213406670053246e+02
1.408875841579727535e+02
1.369236096916989425e+02
1.360484466124196103e+02
1.370595285380672976e+02
1.359548219378798422e+02
1.360133689855963723e+02
1.305242715819795478e+02
1.234878658148558799e+02
1.276953535547245906e+02
1.263526327712694126e+02
1.262014034486077776e+02
1.260641706046992283e+02
1.326239400562537014e+02
1.725335628352966921e+02
1.709781458388954718e+02
1.641932415467472310e+02
1.560686228973796403e+02
1.549688101520607120e+02
1.580280678116397723e+02
1.609253992354568652e+02
1.668930713257570631e+02
1.674370507228238409e+02
1.650748434183474274e+02
1.767139800498007389e+02
1.853585843254116696e+02
1.844717827022502092e+02
1.810545357305390723e+02
1.741926606682120848e+02
1.680458495747343761e+02
1.680816910417192673e+02
1.685957914121437398e+02
1.688826690763680745e+02
1.686140096257859113e+02
1.662850564328498422e+02
1.683227866968522335e+02
1.658219870640252793e+02
1.565065120521028916e+02
1.456293051432865866e+02
1.393460592826495770e+02
1.366967113637174691e+02
1.381666276495733428e+02
1.357687452901952554e+02
1.322042824489849693e+02
1.279981386752624104e+02
1.207127120954929183e+02
1.089386319150488305e+02
9.350110601678869671e+01
9.552487942075784133e+01
1.023570476132766487e+02
1.198536342284421465e+02
1.348949521483787066e+02
1.442824292733744471e+02
1.449298852645999602e+02
1.459105718259679065e+02
1.445466661895020479e+02
1.355686557853533714e+02
1.248397265552211906e+02
1.127999236108648233e+02
1.033621771636771882e+02
1.105235450433607127e+02
1.080842897210976048e+02
1.114151126775164045e+02
1.101486703186502183e+02
1.051595221876355026e+02
8.091481967666409503e+01
6.483798077851653829e+01
6.163639321363028500e+01
6.743937621675276262e+01
7.491807505236424447e+01
8.011285066507501540e+01
8.267679361975747554e+01
9.101909563356439037e+01
1.133637086305461708e+02
1.314499396004440257e+02
1.383544724994872297e+02
1.373660284122653081e+02
1.235763412154187932e+02
1.053715747065699873e+02
1.087755838392996992e+02
1.287551108510785127e+02
1.427397733335261876e+02
1.608450360335681921e+02
1.862444062039806738e+02
2.355926843083805977e+02
2.409668469123904231e+02
2.558930207093726779e+02
3.051805950769321498e+02
3.201406413515414329e+02
3.132256862973125635e+02
3.077922502782000720e+02
3.041376900581276459e+02
3.007313474383440735e+02
3.043066717889486199e+02
3.038572437116299056e+02
3.088971362040111899e+02
