5.945832053452585342e+01
5.398813350749185247e+01
5.594988981016428653e+01
5.785962621112529547e+01
5.845010984366503948e+01
5.631001732105439572e+01
5.215340923769251447e+01
4.691124346741662521e+01
4.732977592249942234e+01
4.790600913177598841e+01
4.894959364965070137e+01
5.024862354798906949e+01
5.157625602160296552e+01
5.269332322309920613e+01
5.176976028877584923e+01
4.999692642674333598e+01
4.800516057957969451e+01
4.920842465829759504e+01
5.152170387992662626e+01
5.528007584786421802e+01
6.182571843447517068e+01
6.446420240010952796e+01
6.438151495475082697e+01
6.832407651623309164e+01
7.412944794870162468e+01
7.691493365567927754e+01
8.116017148345056853e+01
8.424054187073687672e+01
8.743276032159373301e+01
9.024445648699492040e+01
9.005766252686923679e+01
9.091651733108564315e+01
9.203240725837252967e+01
9.407003857742458308e+01
9.456871589406405576e+01
9.389345551888780506e+01
9.591076528002913903e+01
9.953012443224935168e+01
1.021716683493299485e+02
1.048480383569449970e+02
1.086310783506381199e+02
1.120253673485404988e+02
1.120688081696213487e+02
1.121334623774298933e+02
1.122192909628832496e+02
1.103317226604131065e+02
1.047494240260733704e+02
1.057042027302206293e+02
1.084725192697381289e+02
1.084586270625565589e+02
1.075009439591198515e+02
1.043318503404425854e+02
9.913527098591018216e+01
9.536293146546404387e+01
9.998373667612625582e+01
9.796910902167429924e+01
9.590375479234675993e+01
9.475970720681327464e+01
9.532213112597203519e+01
9.683456518471109575e+01
9.459718288681720821e+01
8.811435365529507635e+01
8.695040331759862795e+01
8.732345384831440072e+01
8.998422101640716164e+01
8.964688179951777158e+01
8.877410875157464432e+01
8.786243893111016234e+01
8.663791415778138116e+01
8.565483877210435537e+01
8.467219058879221905e+01
8.282487666374269963e+01
8.098255471510144332e+01
7.782460641986992300e+01
7.606954582474826054e+01
7.891504897365963700e+01
8.190009062147629493e+01
8.362653258103198084e+01
8.539019461520696552e+01
8.695028316432912163e+01
1.363824788283039027e+02
1.720897381756772120e+02
2.224674317653026776e+02
2.491918795650518064e+02
2.503305644681152842e+02
2.499503013724452671e+02
2.505074313507202248e+02
2.516514920615709059e+02
2.514339757690877093e+02
2.507310649944314775e+02
2.500264167188866793e+02
2.494345586122288978e+02
2.483098122961126251e+02
2.476393347511963441e+02
2.456762060095590527e+02
2.445692033472029436e+02
2.425476418634004006e+02
