6.358183800797087315e+02 3.494504470058743209e+03 4.187437612804757805e+02 1.395361819195095813e+04 1.354763987415241672e+03 3.037969740381780866e+03 1.453160160856426955e+03
7.785227908517161950e+02 4.323603750570070588e+03 4.725528187490714913e+02 1.777014011130057770e+04 1.357218127020474185e+03 3.046895878232758605e+03 1.455429521231815670e+03
1.013285071339109663e+03 2.450945797891710754e+03 2.153894190863247218e+02 3.691805954006573302e+03 1.362432998046874900e+03 3.053742158203125200e+03 1.453244221191406268e+03
1.071761721544382681e+03 3.462819494645831583e+03 3.289127999718724595e+02 8.608979736895484166e+03 1.366570611917747556e+03 3.060099102668042633e+03 1.452699391491008328e+03
9.326931738453206435e+02 3.178914088376981454e+03 2.945464675660245462e+02 6.903952160736697806e+03 1.370964411149945136e+03 3.066344443873355431e+03 1.451963807223135973e+03
1.097956545847204097e+03 3.323156423081157754e+03 2.752415216357648546e+02 6.028621752234903397e+03 1.374917250811043459e+03 3.072688608977754029e+03 1.450123673778469310e+03
1.189636366206300181e+03 3.556430690223021884e+03 2.866247669307368255e+02 6.537588261500488443e+03 1.377943017177894490e+03 3.079449991194928316e+03 1.449177694351946684e+03
1.197327033243133428e+03 3.862144109042577384e+03 3.177600685613276710e+02 8.035053578375521283e+03 1.378916897681451701e+03 3.087077577652469699e+03 1.449332304923765150e+03
1.121240235161001692e+03 4.729870514380928398e+03 3.803248367084216852e+02 1.151064104794142622e+04 1.381419392305261908e+03 3.093966549144071905e+03 1.447234581442440231e+03
1.017711712814679117e+03 4.918280219138165194e+03 3.864054934135032795e+02 1.188164903950248663e+04 1.385437527901785643e+03 3.100340373883928351e+03 1.446241249302455344e+03
1.212486313294264619e+03 4.146222311569313206e+03 3.445572985962616599e+02 9.447416096442066191e+03 1.389475074657495497e+03 3.106568649513134005e+03 1.443121461730072497e+03
1.161646993508091555e+03 3.736213865590492333e+03 3.174195192163419961e+02 8.017840176096999130e+03 1.394608079597131564e+03 3.112369446711753881e+03 1.439937554658348972e+03
1.049039254454714865e+03 4.030894463593687306e+03 3.506543916753731764e+02 9.784726726165901709e+03 1.394619271540987256e+03 3.120314952021059980e+03 1.439259707243546245e+03
1.146106892752602107e+03 4.939430253899284253e+03 3.833661227980376793e+02 1.169546789756963517e+04 1.397996502420176739e+03 3.126935320425724512e+03 1.438237644361413004e+03
1.131873124747424754e+03 5.397714544618223954e+03 3.917787032427902432e+02 1.221439005938705850e+04 1.401332775065104215e+03 3.133604469401041570e+03 1.437722571614583330e+03
1.496669271980288840e+03 7.035594472261587725e+03 5.633705459418102919e+02 2.525680498966874075e+04 1.395026662924854918e+03 3.144193618617106949e+03 1.440090675589964576e+03
1.840939653170501742e+03 1.036716656725734538e+04 7.438373305444694097e+02 4.402973549731945968e+04 1.394130370003836560e+03 3.152655543736048912e+03 1.441940559387207031e+03
2.351941703289776797e+03 7.554502514318626709e+03 4.541969442875367236e+02 1.641642368596143933e+04 1.384205674569818029e+03 3.165085813884493746e+03 1.451085790706586295e+03
2.978689998925976852e+03 9.381478187161113965e+03 5.718486578983284971e+02 2.602269959843896140e+04 1.387377464988014935e+03 3.171837421764027113e+03 1.450864482532848115e+03
3.841948550300546231e+03 1.419834286269290169e+04 8.523357568261715187e+02 5.781114250556340994e+04 1.390393657543041172e+03 3.178495438187210766e+03 1.448271891276041742e+03
4.812491656766981578e+03 2.553064242698799717e+04 1.490901167852875005e+03 1.768837129286289564e+05 1.393452511577486348e+03 3.184715316676493785e+03 1.439178599615516987e+03
5.388708994954801710e+03 3.114909222840588336e+04 1.758992007600046691e+03 2.462169052427414572e+05 1.392201924284996267e+03 3.193193653485928280e+03 1.439171685112847172e+03
6.323821783840438911e+03 3.242857523388799018e+04 1.456974817740043818e+03 1.689251164614713052e+05 1.392183430471238125e+03 3.200893211024581888e+03 1.434522590782991529e+03
7.656791633980920778e+03 3.573473297421929601e+04 1.615435374244591230e+03 2.076678723273387877e+05 1.391140968831380178e+03 3.209214740668402555e+03 1.433343971082899316e+03
9.244211656748078894e+03 3.463763358064724889e+04 1.349558189026626451e+03 1.449350302853299945e+05 1.395017418387276848e+03 3.216004404296874782e+03 1.437913937639508958e+03
1.029897895522622093e+04 2.716085688339118133e+04 9.479866966566738711e+02 7.151458480869109917e+04 1.398105098771460234e+03 3.223042173032407391e+03 1.441596859778886937e+03
1.137363922487288073e+04 3.069226510594492720e+04 9.988141132204207224e+02 7.938884371501326677e+04 1.403004230034060583e+03 3.228986490389195751e+03 1.439241541420541125e+03
1.243469987192965164e+04 2.974717193703469093e+04 9.865184543653639366e+02 7.744628028806997463e+04 1.399541217803955078e+03 3.238308711242675599e+03 1.439037608337402389e+03
1.286335973925466533e+04 3.142354004740544769e+04 1.021469614226318186e+03 8.303114756104715343e+04 1.401178043272437208e+03 3.245879858993902417e+03 1.442290777439024396e+03
1.379664274241904604e+04 3.058304957148239191e+04 9.494016089040467250e+02 7.172822150889251498e+04 1.403293851841517835e+03 3.253101983816964093e+03 1.443011086077008940e+03
1.470392341606120863e+04 3.676291796863375930e+04 1.039694002554100734e+03 8.602035162895682151e+04 1.409805765908145304e+03 3.259166346442770191e+03 1.452128965479382487e+03
1.530466959279101320e+04 3.085729900084393012e+04 8.977191767268730018e+02 6.413146205812996777e+04 1.411026831518245672e+03 3.266401835381230285e+03 1.447725512540793034e+03
1.495930509224146044e+04 1.961845941469343597e+04 5.623494266038603655e+02 2.516533112912786601e+04 1.422754910200070071e+03 3.270242564665965347e+03 1.453691306872245605e+03
1.446988996619237696e+04 1.857616621055405631e+04 5.358525325005523428e+02 2.284971097853445463e+04 1.418025879736660272e+03 3.279938740632971985e+03 1.451704750943346198e+03
1.319591630295063806e+04 1.748523416046026614e+04 5.283574971450203748e+02 2.221497784494446387e+04 1.425500622106481387e+03 3.285222285517939781e+03 1.454526470269097217e+03
1.125525619076759540e+04 1.741196396265154544e+04 5.839326888461692988e+02 2.713411816085494138e+04 1.430631946382068463e+03 3.290402337106717823e+03 1.441782827779549280e+03
9.677422911547271724e+03 1.206491485325116082e+04 4.237121462841781181e+02 1.428670126150819669e+04 1.446271532531178309e+03 3.292835361865682444e+03 1.449398752195025736e+03
7.964977083570473951e+03 1.035957124722460321e+04 4.053260032024078328e+02 1.307371666122202441e+04 1.456768074245627759e+03 3.296163659331995405e+03 1.440123329092603171e+03
5.719665645019441399e+03 1.181746954920053940e+04 5.740473423594791029e+02 2.622319215171306132e+04 1.467933647155761719e+03 3.299752254486083984e+03 1.438851864814758301e+03
3.369070636048848883e+03 1.126336632962910153e+04 7.704293539998809592e+02 4.723411458408134786e+04 1.477794186240748331e+03 3.304476697419819175e+03 1.447301644308525283e+03
2.157654820377546912e+03 5.865077304957357228e+03 4.097792329716997415e+02 1.336257101815850729e+04 1.490370554738230567e+03 3.306819989092938158e+03 1.435256288999086792e+03
1.382510487764790923e+03 1.914486571835211862e+03 1.741282014319753557e+02 2.412839113569371420e+03 1.502171451208726467e+03 3.309688015919811278e+03 1.426675825011055394e+03
8.209137175398342379e+02 1.352740266957092672e+03 1.598774155733048588e+02 2.034062880589544420e+03 1.508034448242187409e+03 3.315259087456597172e+03 1.424312052408854242e+03
5.150876794975616235e+00 1.045789896418149034e+01 1.265384843482652855e+01 1.274193521147610753e+01 1.515296251085069343e+03 3.321414116753472172e+03 1.439303141276041742e+03
