2.592763717967923185e+02
2.529809718525123117e+02
2.485709152998783225e+02
2.404074488080542835e+02
3.022657620124032860e+02
3.099353552567596921e+02
3.187020054125796378e+02
3.281621513009312139e+02
3.384563341275443804e+02
3.433990674057886281e+02
3.685571054429032642e+02
3.747543537863443248e+02
3.748460937381608460e+02
3.743123287773831294e+02
3.771556394720086587e+02
3.841138179778949393e+02
3.936814403441921968e+02
3.978937668964861132e+02
4.006171412669622782e+02
4.022594416292396886e+02
4.034409414356055663e+02
4.033287501370569998e+02
3.963148713469378777e+02
3.959481074419385891e+02
3.957213792230997456e+02
3.956351954142868408e+02
3.928120384840465817e+02
3.866462270271118769e+02
3.835448743229574688e+02
3.804887255907927397e+02
3.774787564481437698e+02
3.745161384148854040e+02
3.716022064879086315e+02
3.687373703003032688e+02
3.661727084259223943e+02
3.608195861551602093e+02
3.554678595566548438e+02
3.541457115882687390e+02
3.553958730699869193e+02
3.543535582252221730e+02
3.456050624276160761e+02
3.418548605007420065e+02
3.358840832367804410e+02
3.210437021739693364e+02
3.124643519203906976e+02
3.099522360654194131e+02
3.026433580235667478e+02
2.881922914479595192e+02
2.655741638998691769e+02
2.486292111131018885e+02
1.372761991371887689e+02
6.974401853107862337e+01
