1.941512391227330909e+03 2.200122009677771985e+03 1.817303915583864011e+02 2.628120419926721297e+03 1.352724046790081502e+03 1.948572838824728251e+03 1.023009457795516255e+03
2.538073574992160047e+03 2.925638555275858380e+03 2.066925062684731813e+02 3.399692199012979472e+03 1.352181858228600504e+03 1.952150905443274496e+03 1.017841746454653503e+03
3.336230378021793967e+03 4.354693370928845070e+03 2.475549686400445637e+02 4.876782993201463796e+03 1.365932981178977343e+03 1.965857428533380698e+03 9.976906560724431756e+02
3.490313543561966981e+03 5.198322787701007655e+03 2.847134960313857164e+02 6.450691079394658118e+03 1.362751964222301240e+03 1.967823781199269433e+03 9.954405874277090334e+02
3.831260217403230399e+03 6.373557181844913430e+03 3.153292499305933916e+02 7.912589793283063955e+03 1.360849223889802715e+03 1.968700032123766505e+03 9.916820620888157691e+02
4.222345325129260345e+03 7.328385062931772154e+03 3.402221414682342697e+02 9.211180307937622274e+03 1.357395009765624991e+03 1.969439827880859411e+03 9.896381262207031568e+02
4.630452983328690607e+03 8.286613428983631820e+03 3.665730498786196563e+02 1.069328647236985307e+04 1.354221745705117883e+03 1.968955291125239228e+03 9.871846487862723052e+02
5.113615492104408986e+03 9.293044436612975915e+03 3.921840010804537542e+02 1.223967487698649893e+04 1.349746621558779680e+03 1.968826614815848188e+03 9.862074486142113301e+02
5.478118561678132210e+03 1.060250284755375105e+04 4.392831828938794274e+02 1.535604198660809016e+04 1.340815763829118168e+03 1.969644080210540324e+03 9.902619370282706086e+02
6.004822113762581466e+03 1.199121023690842412e+04 4.722760843831124475e+02 1.774933325819461243e+04 1.336135941014145374e+03 1.970691795580314874e+03 9.896062067205256199e+02
6.505369676095441719e+03 1.148671262774360002e+04 4.491841894896751342e+02 1.605606282668001404e+04 1.331519184641594393e+03 1.971565999942974486e+03 9.888663338988367286e+02
6.626493925531962304e+03 1.315715966807396217e+04 4.952135360815078684e+02 1.951529632892789596e+04 1.328927504086325371e+03 1.970318667580895408e+03 9.857050898125830827e+02
7.359899321235738171e+03 1.492851194369563382e+04 5.338513899089804227e+02 2.267936504929222065e+04 1.328086640857514794e+03 1.968774840062978228e+03 9.805726650523490662e+02
7.785761030813485377e+03 1.679438307126348809e+04 5.825911142965900353e+02 2.700958111720079251e+04 1.322869388580322266e+03 1.965660801696777298e+03 9.801837474822998502e+02
8.392867941752045226e+03 1.541074718893222962e+04 5.343500437734110164e+02 2.272175300594594228e+04 1.317785144947193203e+03 1.962680713794849453e+03 9.796573520236545392e+02
9.226718428486723496e+03 1.568683863713967730e+04 5.301920740112436761e+02 2.236951654307698846e+04 1.312993666839599655e+03 1.960427650451660156e+03 9.788631210327148438e+02
9.980690559212433072e+03 2.006243500254773971e+04 6.143071512780129524e+02 3.003041114194862894e+04 1.312888443461225052e+03 1.960462698907208505e+03 9.730379885808090421e+02
1.116353251398209250e+04 2.007896941532088385e+04 6.014833209724209837e+02 2.878971156513686947e+04 1.309407613845098695e+03 1.958694963727678669e+03 9.708245769682384889e+02
1.249346475885350264e+04 1.846408265014220160e+04 5.560254843368663842e+02 2.460251640825991853e+04 1.304964452842756600e+03 1.954284900819635141e+03 9.694714962292268865e+02
1.346623122547078856e+04 1.862646335606232242e+04 5.559166794976811161e+02 2.459288875266769173e+04 1.296461782275147698e+03 1.951979345824588108e+03 9.728011265085704053e+02
1.415872942394236634e+04 1.805171298137413396e+04 5.316558435768721438e+02 2.249320386002715168e+04 1.290711386270569164e+03 1.951131424318765085e+03 9.731854996980675878e+02
1.486840050784374944e+04 1.879480670701454073e+04 5.410227940078705160e+02 2.329277661933810305e+04 1.287279494065504878e+03 1.948166061401367188e+03 9.708220470135028108e+02
1.543157810099380913e+04 1.910239862687399000e+04 5.376731382733023565e+02 2.300524252327282375e+04 1.285421889463307252e+03 1.949595550971008606e+03 9.670572989947422684e+02
1.581521792113440461e+04 1.969411315188288791e+04 5.486953818198421686e+02 2.395812054806052038e+04 1.283019028736336850e+03 1.948051793393532762e+03 9.636625951929477196e+02
1.597065993086564049e+04 1.987902416116950917e+04 5.510107852811261182e+02 2.416074575655082299e+04 1.280917909364442494e+03 1.945091066102723744e+03 9.598193851505313887e+02
1.570798288335401594e+04 1.940729736913590023e+04 5.425025745105448323e+02 2.342036952294500225e+04 1.278674966170648759e+03 1.945968261718750000e+03 9.564391786036469512e+02
1.542030208169520665e+04 1.858449524370409563e+04 5.245891809258514513e+02 2.189922748498289002e+04 1.279132931731468034e+03 1.949848651548873477e+03 9.502933891828670312e+02
1.512228188368990413e+04 1.786339357546901374e+04 5.101770508517790290e+02 2.071247388791834237e+04 1.277889342151988558e+03 1.951133809037642095e+03 9.458341533314097660e+02
1.490916106627550835e+04 1.769312736618144845e+04 5.098404064394401871e+02 2.068514832288265825e+04 1.275667587280273438e+03 1.955311321258544922e+03 9.426928580147879302e+02
1.486628061599161083e+04 1.748021052894524473e+04 5.050622529083247514e+02 2.029924845773306879e+04 1.273404665305397657e+03 1.954898865855823942e+03 9.392321092085404644e+02
1.478041490637582501e+04 1.726967243277927992e+04 4.976456344504691742e+02 1.970745452984071744e+04 1.271030912745276055e+03 1.955365313862645280e+03 9.359649263603743066e+02
1.459392977662511839e+04 1.696665820687334417e+04 4.928048992274155466e+02 1.932591964342026768e+04 1.266013140996297125e+03 1.957361295700073242e+03 9.357605326970418673e+02
1.416254440500543751e+04 1.718451031424685061e+04 5.042432709185919180e+02 2.023346947734810965e+04 1.260997551735867319e+03 1.957510026910331817e+03 9.354065980375482923e+02
1.352341508239938776e+04 1.541379059341809079e+04 4.659033329400508592e+02 1.727355672580704777e+04 1.255693761858258995e+03 1.959776032366071377e+03 9.355416636439732656e+02
1.267522301638394310e+04 1.562016929176470876e+04 4.923882887216535096e+02 1.929325772018876887e+04 1.252755164460762899e+03 1.959891744091524060e+03 9.328749048669910735e+02
1.180225009016325203e+04 1.509838779758955388e+04 4.917037700013061112e+02 1.923965199285399649e+04 1.250259467230902828e+03 1.961144186062283097e+03 9.298055107964410126e+02
1.098409140578630650e+04 1.407418312882447208e+04 4.759326960123635217e+02 1.802524675460145954e+04 1.248188942587836664e+03 1.965766292002978162e+03 9.265315308966030443e+02
9.938359206802217159e+03 1.371802090151983612e+04 4.919255992414550747e+02 1.925701561853904423e+04 1.244806660313760176e+03 1.967979685137348724e+03 9.245249604255922122e+02
8.753504723026619104e+03 1.449991381319128413e+04 5.659069317761081948e+02 2.548473742023086379e+04 1.244457610390403033e+03 1.973218280445445771e+03 9.193849015669388791e+02
7.512607616228074221e+03 1.491539643652061204e+04 6.036297406142069804e+02 2.899555288761121483e+04 1.243912446863510922e+03 1.977859770651424697e+03 9.144156817267922861e+02
5.289425435860432117e+03 1.907136186406047273e+04 9.099846584301349139e+02 6.589588227105118858e+04 1.238603112882071173e+03 1.987248976213218612e+03 9.151232687400205350e+02
4.532585207274264576e+03 1.648716761470882193e+04 1.063338478499473695e+03 8.997734943179022230e+04 1.238593169212341309e+03 1.989194076538085938e+03 9.093442330360412598e+02
3.994964690794536637e+03 2.191486467999847810e+04 1.361663012225231114e+03 1.475466716494611464e+05 1.235057486550849717e+03 1.991119566800301527e+03 9.074856058756510038e+02
3.044791638820109256e+03 1.987072651503717498e+04 1.291782309678580987e+03 1.327910489677711448e+05 1.233087212570575048e+03 1.991816317005317842e+03 9.037875407242975143e+02
2.767921507429490703e+03 7.724017978506811232e+03 5.080206551996857911e+02 2.053775063856647466e+04 1.235235943418560510e+03 1.989250631313131407e+03 8.952484895340120374e+02
1.998946562078501756e+03 4.817001614306686861e+03 3.609878273494572909e+02 1.036991630229162365e+04 1.233592748498403807e+03 1.990408369823168641e+03 8.912236209992439626e+02
1.082670460759851267e+03 2.118779097322260441e+03 1.902477501082201456e+02 2.880243431614365363e+03 1.233977178955078216e+03 1.983977416992187500e+03 8.843393890380859830e+02
6.380060450754588146e+02 1.668005748270305503e+03 1.711349283326237583e+02 2.330598435633181907e+03 1.230595798561789707e+03 1.988275370649857905e+03 8.824977805397727479e+02
2.345898302737255960e+02 7.079333555694278175e+02 1.082588935559360124e+02 9.326470142909397509e+02 1.227006354081003337e+03 1.994780642860814169e+03 8.810632099352384330e+02
1.103317484438632867e+00 9.358387257497552625e+00 1.172617172527855800e+01 1.094214929278005499e+01 1.223198211669921875e+03 2.004104598999023438e+03 8.800955886840820312e+02
