7.117559562132575479e+01
8.079165640585758013e+01
1.000846403572718799e+02
1.087865335092620285e+02
1.186849094496604238e+02
1.245054368549862289e+02
1.276410476547053889e+02
1.316785329891036724e+02
1.363731473042727771e+02
1.433370800646561065e+02
1.504801232042086667e+02
1.574430607063776222e+02
1.633088973091891489e+02
1.691037651410376270e+02
1.741879533869524437e+02
1.754921096035181165e+02
1.767616582800283709e+02
1.776932134651072488e+02
1.784080899037302572e+02
1.780098089839067086e+02
1.753567294644623189e+02
1.754874370815753366e+02
1.760915214697116937e+02
1.744915976333127219e+02
1.699607764618890258e+02
1.705728986257890654e+02
1.691323027425348471e+02
1.666612269055676165e+02
1.642739132987978508e+02
1.621737021474601761e+02
1.603135176081758289e+02
1.592306612889326516e+02
1.564970615606530657e+02
1.519381854026479459e+02
1.507109763805024159e+02
1.483193843689944629e+02
1.458787275707781248e+02
1.398748784694988387e+02
1.328638677458768882e+02
1.273273756175096452e+02
1.218165554800460484e+02
1.153124870044583332e+02
1.085584775427955151e+02
1.018801777526001473e+02
9.578385512751451358e+01
8.886965238175197612e+01
7.163389175601344050e+01
6.335232775771434177e+01
4.990099212249323557e+01
5.697241835729229820e+00
