4.923533131404007435e+01
5.150690649130572041e+01
5.666090782755842525e+01
6.115490536303121871e+01
6.653836368573645643e+01
7.465682365036211365e+01
8.343583902891730020e+01
9.268245580709952947e+01
1.030402955289421953e+02
1.105412558755144801e+02
1.215388052532992162e+02
1.345750513831934541e+02
1.424586674230365588e+02
1.501745451907696349e+02
1.540549082005557011e+02
1.559703470279037276e+02
1.547939087651501779e+02
1.529159576304134305e+02
1.518311785722304705e+02
1.565566431618019863e+02
1.605181467851402886e+02
1.650913407474701842e+02
1.695438676591473950e+02
1.743295013486317941e+02
1.819949934306899024e+02
1.843771984214968143e+02
1.844667620045673573e+02
1.843610900862497601e+02
1.839018414188545307e+02
1.836739281892511428e+02
1.844494871662569722e+02
1.865849762178114020e+02
1.915129556878735002e+02
1.947571070348166415e+02
1.991026912641870013e+02
1.995555625681360254e+02
1.980967315057393989e+02
1.945370915108426857e+02
1.876562132820662043e+02
1.841599023270441933e+02
1.788704714140187946e+02
1.692713283123164274e+02
1.545588952551173065e+02
1.381672602720512373e+02
9.233080584150293646e+01
7.117250280595372658e+01
4.022156027424831137e+01
8.382383568447464128e+00
