7.080066225618031694e+01
7.280325674644981859e+01
7.134088353835369389e+01
6.959254128289042285e+01
6.996844549158770121e+01
6.969688550048671516e+01
6.922412654759558848e+01
6.874730334743904336e+01
8.667472533739942264e+01
9.539340755632636615e+01
1.027102254270725723e+02
1.093449123270940362e+02
1.157144078267440648e+02
1.238386464950782084e+02
1.359915087320763689e+02
1.427185695666681795e+02
1.476725717222553840e+02
1.508975712050696814e+02
1.527615279336770868e+02
1.555645883066741533e+02
1.574652461021399290e+02
1.596814261112409667e+02
1.627767130792745149e+02
1.663529074395546274e+02
1.683145006236177323e+02
1.684415243680114997e+02
1.682970677556780856e+02
1.679397821788628846e+02
1.684619421696660879e+02
1.684319091998745819e+02
1.703843041274444374e+02
1.774606723244924069e+02
1.765576950956779854e+02
1.741806905676513395e+02
1.707986677422292985e+02
1.668308720253799038e+02
1.634119034588472630e+02
1.602557792694743171e+02
1.563234454416357835e+02
1.481724444086716517e+02
1.459286921451994772e+02
1.424480496314984066e+02
1.306426243517991850e+02
1.232835698396146569e+02
1.156836111247901329e+02
5.103894455173518452e+01
8.198093410287070171e+00
