6.821815814488012109e+01
6.910421842839956241e+01
6.858661153034451274e+01
6.795054813114192882e+01
6.984196494958160883e+01
7.502049799574059818e+01
8.062148834988447277e+01
8.642105699066958380e+01
9.256696143031932422e+01
9.892004897311512934e+01
1.047043239568871371e+02
1.079699145578604771e+02
1.116340933588172817e+02
1.155702867458910248e+02
1.195195534138166948e+02
1.251264019563302128e+02
1.344206820091196732e+02
1.439433531572306890e+02
1.513352566328172202e+02
1.581229339369572244e+02
1.644758460851838038e+02
1.667806582062547420e+02
1.678388857064828414e+02
1.684693681622190979e+02
1.692234447548427738e+02
1.698544436699571634e+02
1.697458133834443288e+02
1.696374077340799147e+02
1.695291446882948208e+02
1.695670020033166168e+02
1.697817987045555128e+02
1.700014959313445786e+02
1.702259662212810554e+02
1.705430694705977146e+02
1.712206311710464206e+02
1.719075764434545874e+02
1.728795100472590889e+02
1.742170788466804936e+02
1.756470227117836203e+02
1.769353231301533071e+02
1.757039215434327275e+02
1.721611553501834351e+02
1.686393125105331023e+02
1.633583529348704815e+02
1.016305817708314549e+02
9.354773288371750084e+01
8.283099850780075712e+01
6.548101121942109160e+01
2.037104952179687345e+01
