5.723734060298942694e+01
6.368237932405912716e+01
8.023526063922899709e+01
9.008212109278763080e+01
9.994585318095961668e+01
1.090455962057052091e+02
1.164634099984987472e+02
1.220569181514950259e+02
1.211219661016547775e+02
1.174236474723185779e+02
1.137513833512039270e+02
1.242567348105056055e+02
1.283402984701213256e+02
1.297698767662099044e+02
1.281546746658777352e+02
1.319806530127925726e+02
1.376022186446260491e+02
1.445036896251902476e+02
1.516929276963040820e+02
1.589370635362326709e+02
1.642127859216286367e+02
1.704493346352028595e+02
1.889730118180277714e+02
1.815984221352043448e+02
1.731078039677854292e+02
1.646473282395868694e+02
1.555344493571203941e+02
1.468625537758440203e+02
1.412141950329176723e+02
1.356213917779643339e+02
1.300622302033341668e+02
1.268673110223608376e+02
1.267738496390275316e+02
1.266810319008273780e+02
1.249953967634425993e+02
1.180634446541277214e+02
1.104759908232705357e+02
1.032541115733903325e+02
1.009473393555392420e+02
1.017394145572357189e+02
1.030424841248261032e+02
1.007370097050580569e+02
9.765591181536291288e+01
9.460413141509145873e+01
9.158271309716128883e+01
8.000098684249869052e+01
6.741758005669592535e+01
3.987749675073391131e+01
9.732396062410600734e+00
