1.421528823087743149e+03 1.552289766795779542e+03 1.467181270243170559e+02 1.713001268077065333e+03 1.860889019590435510e+03 2.429577422170928003e+03 1.150192194158380744e+03
1.603056039173358840e+03 1.870637529413274251e+03 1.643609481908338239e+02 2.149747299297489008e+03 1.863058206309442994e+03 2.436829037873641482e+03 1.150187590225883241e+03
1.780608494770935067e+03 2.158170337937707700e+03 1.787958087247966716e+02 2.543927932622437311e+03 1.868180930582682322e+03 2.439164074707031432e+03 1.153070619710286564e+03
1.986660483835461719e+03 2.431025207311969552e+03 1.904711700656275468e+02 2.887012307651828905e+03 1.873089551581711021e+03 2.441782218557889337e+03 1.151914144547259184e+03
2.214855192445115335e+03 2.851167934950729887e+03 2.119509955804054471e+02 3.574876621591343337e+03 1.877582794644939440e+03 2.444980822207322944e+03 1.150822138088852626e+03
2.484986920554641983e+03 3.236211997804533894e+03 2.240452373698162205e+02 3.994492119366565021e+03 1.881738774349815003e+03 2.448627197265625000e+03 1.150132610120271465e+03
2.792927192963445577e+03 3.828923844042466499e+03 2.456502737164631753e+02 4.802027477052136419e+03 1.886945698302469054e+03 2.450867268880208485e+03 1.149546557014371047e+03
3.141745277782217727e+03 5.115706741931808210e+03 3.069773655134589490e+02 7.498991222645023299e+03 1.890858737037295441e+03 2.454843790690104015e+03 1.148160637265159949e+03
3.557155367382026270e+03 6.213339945785523923e+03 3.727694235831775700e+02 1.105785014805729952e+04 1.896227358217592609e+03 2.456813937717013687e+03 1.154767667040412789e+03
3.961699396121683549e+03 6.238066115655974500e+03 3.507394988194432699e+02 9.789476994379383541e+03 1.901160865045362925e+03 2.459419446719590269e+03 1.154179031207997241e+03
4.294583636323363862e+03 8.018449297457352259e+03 4.014864629862035486e+02 1.282720245231221816e+04 1.908041180621136618e+03 2.459406504872080859e+03 1.155521149016998606e+03
4.760765510126797381e+03 1.441856097444232364e+04 6.716773481573283107e+02 3.590141289579237491e+04 1.909645540771484320e+03 2.466478186035156341e+03 1.153240903320312555e+03
5.149686490437207794e+03 1.365101291304508777e+04 6.209497379429595867e+02 3.068336824403717401e+04 1.914003317574474295e+03 2.469851208838346793e+03 1.153065959039135578e+03
5.375444932655507728e+03 1.832066817664154951e+04 7.915422188324375838e+02 4.985839614488634834e+04 1.918102212857799259e+03 2.473562729779411711e+03 1.153942207400538337e+03
5.679368729455486573e+03 2.165945539735777493e+04 9.271925579014352934e+02 6.841164134101472155e+04 1.921431353901707780e+03 2.478314104893410786e+03 1.153458379701126432e+03
5.746147169265353114e+03 1.815287440083639376e+04 8.121443762189418294e+02 5.248758834713784745e+04 1.924320198567708303e+03 2.483721195475260629e+03 1.143920360310872411e+03
5.699547739547936544e+03 1.466745628254117946e+04 6.369105954765908564e+02 3.228100770534469484e+04 1.928953554575679846e+03 2.486736823860925597e+03 1.142228291052898385e+03
6.140972715991067162e+03 1.969630700417543994e+04 8.223117575650771869e+02 5.381001781509602006e+04 1.936268100861580251e+03 2.486121361517137302e+03 1.146468473372920926e+03
6.810005513564427019e+03 2.094087860450932567e+04 8.253139113549132162e+02 5.420364186120900558e+04 1.943671040110344393e+03 2.485430182909443374e+03 1.144962052171247706e+03
7.367595932872405683e+03 2.596928192473197123e+04 9.869388314145053300e+02 7.751229745212328271e+04 1.944421554455654132e+03 2.493638935336105988e+03 1.143492882159116562e+03
7.987823955365043730e+03 2.463446057467858191e+04 9.635770597287173587e+02 7.388615046690539748e+04 1.947220492892795164e+03 2.499096415955343218e+03 1.143372686692226125e+03
8.834721858044506007e+03 2.836238506303557733e+04 1.030393285181952706e+03 8.448822295077593299e+04 1.954368943434495122e+03 2.498671982985276372e+03 1.151800547281901117e+03
9.791804297282602420e+03 2.548354122922626993e+04 9.175879479708748931e+02 6.700165609466527530e+04 1.957704397061975897e+03 2.503411692549542749e+03 1.151689217172017834e+03
1.116627157852270648e+04 1.860625814770751822e+04 6.580017216510759681e+02 3.445436068876116042e+04 1.963111358051915431e+03 2.505357603011592801e+03 1.154673930506552324e+03
1.234499527397584097e+04 2.999264178247316158e+04 9.428560719150311797e+02 7.074258746843240806e+04 1.966484011919070554e+03 2.510066636305588872e+03 1.152001579089042480e+03
1.347890456547925533e+04 2.099445502807682715e+04 6.296645392951811573e+02 3.155067156723605876e+04 1.972458158452460111e+03 2.511252721908244894e+03 1.155056465744126854e+03
1.445033739056610648e+04 2.228045085505939278e+04 6.451181084105166974e+02 3.311834312157013483e+04 1.974682599385579351e+03 2.517481875949435562e+03 1.154579549153645758e+03
1.534935776154244013e+04 2.248716568322186504e+04 6.326070190803525293e+02 3.184623889195531592e+04 1.975335657593550877e+03 2.525837464545183138e+03 1.150846618263584787e+03
1.619002515050314105e+04 2.357542312718846370e+04 6.520426676916686120e+02 3.383312919361553941e+04 1.980747235376130220e+03 2.527797057721599685e+03 1.151166976832743785e+03
1.697379790526645593e+04 2.470664171358924796e+04 6.747695676354521765e+02 3.623273444495286822e+04 1.981554380219558197e+03 2.535886758036996980e+03 1.155336827069863602e+03
1.763167149029366556e+04 3.004009827739617322e+04 8.172163961586346659e+02 5.314522853459255566e+04 1.986973863923147746e+03 2.537900983146067574e+03 1.146909435486525581e+03
1.802274398729316454e+04 3.407876703165967774e+04 9.310900370116942213e+02 6.898799053656969045e+04 1.992937589738175575e+03 2.539125154402449425e+03 1.146793166042018584e+03
1.782607623604521359e+04 3.569242102725865698e+04 1.006400508759573313e+03 8.059940416481009743e+04 1.995651418519631306e+03 2.544732997796474137e+03 1.141896014247796529e+03
1.744514341951924871e+04 3.261473444478324745e+04 8.858774869518946389e+02 6.245072232641805749e+04 2.002656252727828132e+03 2.544513821905551595e+03 1.148444320934444931e+03
1.664936739819271679e+04 2.119000354137377144e+04 5.710082728993489809e+02 2.594627022594180380e+04 2.007077100508052126e+03 2.547740766092312242e+03 1.156529291632716649e+03
1.564364743955998892e+04 2.050268221318566430e+04 5.665076574106418548e+02 2.553887162441127293e+04 2.014756249483300280e+03 2.546656035569609685e+03 1.158296280149429549e+03
1.367616033616820641e+04 3.288111230060343951e+04 1.079722339147078856e+03 9.277144256123708328e+04 2.019585286816836515e+03 2.549365066595539702e+03 1.162555044569107849e+03
1.135747330406391120e+04 1.719640522828173198e+04 5.440420037518566687e+02 2.355347545679790710e+04 2.022654135718134285e+03 2.554529715401785779e+03 1.153345049477563180e+03
9.971393259550684888e+03 1.806063341963970379e+04 5.667689817448463145e+02 2.556243871249782023e+04 2.029618625598007384e+03 2.554412884315747760e+03 1.153470074942942347e+03
8.737557389170855458e+03 1.453830828254105290e+04 4.863716261003667682e+02 1.882463647898532872e+04 2.036832437187962341e+03 2.553953864644970508e+03 1.154799333741678993e+03
7.603851762164001229e+03 1.397526077470500968e+04 4.854963800417002631e+02 1.875694600032413655e+04 2.042367154453340845e+03 2.555748405667299721e+03 1.155097346690478162e+03
6.330802217757898688e+03 1.350828310853367657e+04 5.053737274804780668e+02 2.032429348659130483e+04 2.044875936550564347e+03 2.561589605034722354e+03 1.155640136718750000e+03
3.849819213649983794e+03 3.800806425384180329e+04 1.933761049575982042e+03 2.975745274124160642e+05 2.043171446769468275e+03 2.573072661369077650e+03 1.155399594706873813e+03
2.562168190371418859e+03 2.303297307233665560e+04 1.374611050368174801e+03 1.503660522024684469e+05 2.044381129673549140e+03 2.580653559802827203e+03 1.155748764183407729e+03
1.019932305010844857e+03 2.563561928846398587e+03 2.027958677595329959e+02 3.272716143939643644e+03 2.047521655554058952e+03 2.585568280801005585e+03 1.167142906452047328e+03
5.081094966858651105e+02 1.433051597064161797e+03 1.485719512803044893e+02 1.756563242056093713e+03 2.048381461450609095e+03 2.593615031614142026e+03 1.167671963966498879e+03
1.614539793799458778e+02 4.255356054491121540e+02 8.266514499617882450e+01 5.437947365192958387e+02 2.054039970846737106e+03 2.595245074103860134e+03 1.167936422909007433e+03
2.999401502898528360e+00 1.889554937489369735e+01 2.240285741397854480e+01 3.993897965555486707e+01 2.050439903846153811e+03 2.609261268028846189e+03 1.168007427509014406e+03
