1.202307169530666329e+02
1.203249341415083933e+02
1.253325746067628472e+02
1.342761698917196327e+02
1.410194080968074672e+02
1.547783788715205162e+02
1.648036537397033214e+02
1.640391195740164108e+02
1.628458465038316092e+02
1.629547016737993204e+02
1.655018603191612669e+02
1.694706371381411429e+02
1.737011230479404560e+02
1.780225945110118744e+02
1.848041508049389279e+02
1.920254996713711080e+02
1.964485503349546605e+02
1.969995050501611615e+02
1.981484255579577223e+02
1.994497758050356140e+02
2.007357372442002372e+02
2.003883795842192796e+02
2.009361520235520118e+02
2.089155499926862944e+02
2.167484410958895467e+02
2.194229426349849064e+02
2.201739590316228998e+02
2.188259088185427572e+02
2.146218116438172672e+02
2.104037945006861037e+02
2.061997518624495456e+02
2.020111739053084818e+02
1.978378226382803859e+02
1.917017278955761981e+02
1.815627005741764606e+02
1.715629185749638452e+02
1.616615197722304629e+02
1.540965747489730120e+02
1.525811489237727585e+02
1.476006807791981714e+02
1.514694471791810884e+02
1.550371535472744142e+02
1.561965931943543922e+02
1.567652105628023662e+02
1.566129819259959106e+02
1.539464262217144324e+02
1.422018449491721697e+02
1.317694696846867544e+02
1.188644293449115281e+02
7.651465976031093419e+01
5.055121911807470525e+01
