1.847028599578160026e+02
1.943539272574982135e+02
1.879613850919738525e+02
1.868738963319807169e+02
1.859850772268182197e+02
1.852802253678486579e+02
1.843309080435306555e+02
1.819397639709430337e+02
1.798862019769797485e+02
1.804653065839281396e+02
1.849647253931608759e+02
1.900959777800651693e+02
1.931091722320586541e+02
1.937237729946174056e+02
1.945885208870600138e+02
1.945291022421915841e+02
1.962843885248644256e+02
2.002802050303668580e+02
2.065384113071208958e+02
2.180578679489084664e+02
2.401934129771066182e+02
2.652942397680238855e+02
2.801384135336968484e+02
3.192321943726074096e+02
3.505481621615109589e+02
3.685398582785053918e+02
3.774443106338659959e+02
3.994246106995144601e+02
4.616816482006229307e+02
4.605331577309690942e+02
4.564257866588420711e+02
4.412977742509891641e+02
4.356468455025063236e+02
4.306355693096562050e+02
4.387308987921615540e+02
4.416241017761538501e+02
4.415779506314946161e+02
4.103586437028149021e+02
4.009022687102802252e+02
3.968387131167437474e+02
3.852905498626531084e+02
3.692289215548156562e+02
3.524500831117471193e+02
3.198983809498586197e+02
2.595300482478385788e+02
9.031122481269193258e+01
