6.481120933564547215e+01
7.139267564668330124e+01
7.764771903093567573e+01
8.071821151964350349e+01
8.035120749573644616e+01
8.233534129927996048e+01
8.521500059651522463e+01
8.735405371562595178e+01
9.582131349971480461e+01
9.829401176400135398e+01
9.825417824771491837e+01
9.751885197427910157e+01
9.702593986766906653e+01
9.751225552989748735e+01
9.877070409845211429e+01
9.889760376952251875e+01
1.045761496674934534e+02
1.157083426324874722e+02
1.223251454615005827e+02
1.264251923888453888e+02
1.291821367741016218e+02
1.322591255271982789e+02
1.399969382245035092e+02
1.472155998082116923e+02
1.628325264975698872e+02
1.671466121423697757e+02
1.692670372941271637e+02
1.734558481154818423e+02
1.735991145806390819e+02
1.784070131297585817e+02
1.839618534720716241e+02
1.857659009480534564e+02
1.815086011788186511e+02
1.776388468559846103e+02
1.710951515884559626e+02
1.604164137320774444e+02
1.403720410306131328e+02
1.270156276074997095e+02
1.157664860966775251e+02
1.046946243221955370e+02
8.329193294179680152e+01
6.170207240903874180e+01
5.187278627905917006e+01
5.229688369675681514e+00
