1.295799091683859672e+02
1.264565946908277567e+02
1.173355704427604138e+02
1.234324317621383358e+02
1.233948685252207156e+02
1.265697721974029974e+02
1.336394363559748228e+02
1.332587776822855972e+02
1.400554024291941175e+02
1.477387025789349195e+02
1.517337370946393378e+02
1.556501215619291258e+02
1.658694067983032880e+02
1.765915083553482532e+02
1.868279007928441899e+02
2.002095582195706811e+02
2.115096742887078562e+02
2.208063637989002643e+02
2.202467952640511726e+02
2.273622928554645171e+02
2.407963047356548998e+02
2.600040953518810056e+02
2.793592548514122313e+02
2.849871940292450176e+02
2.974598891887113723e+02
3.084603714014207299e+02
3.195668650821795609e+02
3.325894521107426272e+02
3.370233657439088120e+02
3.412197957979016678e+02
3.470915034304624101e+02
3.500602795608666042e+02
3.445741519820882104e+02
3.510918669867854760e+02
3.528467196556725298e+02
3.477554849528060004e+02
3.482713119596901379e+02
3.481857387524585192e+02
3.460079715807592606e+02
3.411309772396440394e+02
3.314546060150058224e+02
3.242176573863405338e+02
3.183982867532232035e+02
3.127472612407479460e+02
3.070646706276700684e+02
2.852644004027882829e+02
2.489039717642729954e+02
2.201247464111988563e+02
1.903750402456154518e+02
1.555066291708961614e+02
4.813307971381741623e+01
