1.545123462890893222e+02
1.524899339353311518e+02
1.478707894184697693e+02
1.604813259620819395e+02
1.649850462990084452e+02
2.096190404082848886e+02
2.235190659911230853e+02
2.394025208498708253e+02
2.554447291703521046e+02
2.664490812603740437e+02
2.989431487803598770e+02
3.098557286990296120e+02
3.245282137079227596e+02
3.445978862751978227e+02
3.603215778873469617e+02
3.749136496287458158e+02
3.751104271981453735e+02
3.750727124344329013e+02
3.758897229007378655e+02
3.798710573292097479e+02
3.843603498051184602e+02
3.855386588784209039e+02
3.859296823595623778e+02
3.862840923344958242e+02
3.808136109529885971e+02
3.773941164710071234e+02
3.722304432089506463e+02
3.566404465107781903e+02
3.511732813769973518e+02
3.422555609264504142e+02
3.237712768764744737e+02
3.144458542995092785e+02
3.079912487942159487e+02
3.006945467020981937e+02
2.896218513231760880e+02
3.665879311833689371e+02
3.732244353180802818e+02
3.772840932040597863e+02
3.758910018818781396e+02
3.703979283041609278e+02
3.633820432992434348e+02
3.521489537527211269e+02
2.319399277927787750e+02
1.613231699599770650e+02
1.693339608376927572e+02
1.829939988696192756e+02
1.899499445651948975e+02
1.909184023848582399e+02
1.847483595193238273e+02
1.765314243484379233e+02
1.413175451118150932e+02
1.327406824563875887e+02
1.136325590248246158e+02
1.063061070009474776e+02
9.776047010911281632e+01
8.372401495372527336e+01
6.209982842840008743e+01
4.790984673017132423e+01
1.313709805565144828e+00
